6.496890 13.253014 42.837567 3.835474 145.044718 22.679860 113.030286
6.529282 13.127761 42.769723 12.118823 122.587565 68.962903 -103.560484
6.643501 12.988993 42.757293 11.476725 317.993302 57.980759 -82.437065
6.643316 13.068130 42.683949 12.542475 172.558346 28.978172 -46.850823
6.348934 13.336054 42.887752 16.922966 14.496569 86.038425 -31.222649
6.352594 12.974004 42.776603 7.615866 289.119246 59.753328 -82.483091
6.729286 13.062558 42.818184 6.174422 87.847024 81.065993 -32.705077
6.751369 13.103234 42.761935 19.896849 358.640447 38.389122 -104.091597
6.609303 13.383765 42.710598 10.507212 155.942829 22.896195 131.895981
6.336638 13.053875 42.888369 22.307060 138.740272 53.688540 -101.385384
6.903330 13.091182 42.935263 14.063221 172.739264 25.938815 65.614729
6.595925 13.209804 42.925999 8.041122 154.306895 51.236360 -66.653509
6.793366 13.169137 42.609582 13.541572 101.423542 49.723933 -52.660852
6.022895 13.173827 42.833058 4.454133 169.501978 44.026803 -53.727603
6.375220 13.028292 42.854676 4.684257 322.926764 33.011856 -82.875215
6.751949 12.949275 42.654822 9.630611 359.800643 25.489830 -57.212931
6.242332 13.205207 42.867138 8.897768 149.363706 35.238144 -52.863350
6.895174 13.436395 42.917615 12.807712 140.639198 38.196627 50.074433
5.873473 13.043321 42.771202 14.025881 322.166790 23.486397 -131.695963
6.454010 13.213095 42.711917 9.027126 239.433205 74.076841 -44.358421
6.669075 12.825274 42.709063 7.884915 316.669599 44.860159 -47.025170
6.786556 13.385248 42.794980 11.530591 314.557429 50.922936 -130.731388
6.262835 13.107676 42.892028 11.311234 158.992361 45.802421 -92.918147
6.712828 13.531272 42.730877 11.362324 192.249371 75.503381 28.174807
6.611313 13.142009 42.713681 9.951876 57.225901 85.470555 -6.342886
6.913081 13.053600 42.862021 10.168517 351.960225 35.976568 -84.950000
6.673542 13.344904 43.058775 9.287400 329.735988 31.512086 -6.508374
6.642248 13.333787 42.718461 19.627544 156.167686 53.845923 -113.397980
6.832049 12.843087 42.606970 14.852901 330.826662 32.408076 -68.096521
6.742306 12.882406 42.998297 11.929665 328.436267 72.530903 -122.225618
5.990671 13.129488 42.833100 22.245050 139.757111 29.866958 110.724430
6.358088 13.145710 42.914294 7.271765 144.489485 84.531892 148.009755
6.946628 12.827235 42.503470 10.458853 337.350925 48.236587 -46.471370
5.982359 13.161504 42.778932 8.600252 155.434503 33.332126 90.542313
6.527546 13.365041 42.667986 11.231253 110.605456 49.253239 -100.723699
6.058256 13.097130 42.976181 15.964208 167.982049 23.285222 67.418666
6.220511 12.855724 42.733488 11.926911 152.982596 45.435669 -57.863873
7.056938 12.397192 42.605976 7.769354 41.313523 29.651856 -86.474228
6.348515 13.143334 43.040037 10.822364 107.268408 56.732604 -177.694321
6.091278 13.152229 42.794684 4.840658 171.401776 58.219771 -115.217982
6.341678 13.111369 42.687673 8.174965 100.853081 41.061180 -72.826794
6.021248 13.036882 42.685812 7.240839 353.650016 50.506557 -128.652815
6.790521 13.020274 43.041104 9.316625 137.779705 77.889749 -7.505711
7.316293 13.396762 42.859072 10.245791 319.491332 55.937880 -67.458910
6.645854 12.953297 42.954734 19.201193 324.574931 59.913660 -103.677392
6.520836 13.206887 42.689733 12.978373 143.327243 34.592937 60.251751
6.676326 13.049762 42.850092 8.471470 105.075056 55.193190 -110.527380
6.456318 13.077309 42.930603 3.991016 159.429190 69.377325 -116.252204
6.244668 12.919544 42.834152 10.725775 21.581089 42.424182 -124.464011
5.754834 13.152575 42.866859 16.131848 344.081283 55.944767 -131.515803
6.724650 13.051708 42.685526 15.409554 288.691240 48.180744 -83.921705
6.721505 13.212206 42.777324 15.442138 173.503892 29.189654 107.014335
5.857554 13.128102 42.857426 11.164026 194.623549 46.520177 -41.683764
6.336902 12.943497 42.672069 7.686076 332.643434 39.642956 -108.592128
6.170709 13.163207 42.821095 13.707460 282.914836 71.286940 -134.476424
6.869282 12.500332 42.659320 16.587408 148.684312 80.169580 -6.531942
6.657474 13.123867 42.746409 5.067468 18.449301 86.451228 6.010268
6.226839 13.178076 42.822026 13.968294 139.805623 58.996892 -50.466117
6.327373 13.077493 42.845140 11.173188 171.995135 42.795782 -93.687700
6.410679 13.425050 42.960444 12.901701 163.217954 22.175583 93.933719
6.410918 12.975654 42.767898 8.540112 339.868366 28.201769 -134.574245
7.008083 12.927090 43.115276 16.440813 162.135912 45.906229 -79.311288
6.381669 13.048856 42.685520 4.137888 348.679598 32.259491 -52.570090
6.724786 13.342373 42.929755 11.977867 99.951327 25.490172 45.089743
6.222851 13.080314 42.658119 12.064680 153.585221 54.630326 -64.941161
6.504532 13.223375 43.060874 13.088461 145.472242 26.738346 65.821071
6.183453 13.140789 42.956923 7.685649 352.509888 43.274617 -85.877504
6.372144 13.099028 42.868639 8.405759 334.216286 73.873524 -116.883875
6.291569 12.986796 42.790977 4.578682 7.012637 49.254617 52.482015
6.634693 13.193257 42.832799 8.939431 93.965985 63.790374 -171.748534
6.982074 13.193196 43.198407 19.020371 170.125821 41.358497 128.807745
6.147855 13.044564 42.738732 20.723207 153.381815 54.736133 -90.137769
5.945427 13.162042 42.742142 17.375802 153.196482 31.938600 122.753975
6.670668 13.260912 42.932875 7.143078 219.591753 41.238246 -85.657733
5.879267 13.085877 42.781204 8.839199 352.400304 34.393792 -45.620224
6.448974 12.989894 42.855030 9.499633 147.108031 55.467196 -48.980558
6.498335 13.218751 42.873847 4.871097 89.589016 72.447265 83.564702
6.730198 13.468167 42.752472 5.023632 153.653336 29.512467 102.777422
6.618544 13.033277 42.963366 16.876816 163.528082 28.413785 81.110555
6.252651 13.117916 42.798539 10.514583 141.382711 27.986381 97.953384
6.618821 12.992219 42.795152 8.017920 325.373890 59.676617 -67.999469
6.444546 13.212898 42.824898 7.802901 158.301342 39.460447 134.758734
6.136273 13.023027 42.759403 12.018199 145.238283 58.794341 -72.450125
6.553647 12.947862 42.812957 16.374912 171.245133 87.737249 175.351406
6.345515 13.093666 42.964803 16.407142 163.002316 35.113931 119.375325
6.150814 12.981404 42.804915 11.710671 159.183176 50.762465 -97.068459
6.342469 13.155963 42.759023 16.487277 93.608594 74.085407 -53.815832
6.385201 13.170642 42.820406 10.696684 171.996425 42.868561 -117.720135
6.733404 13.276315 42.818664 3.624492 272.925202 33.247127 -69.154997
6.534031 13.217162 42.824885 17.965408 142.613060 43.014164 -60.077016
6.064764 13.121462 42.842842 18.158357 138.169207 27.954055 65.673256
6.556127 12.930712 42.822501 5.443880 342.235800 38.523939 -66.389721
6.443275 13.007215 42.898517 7.289315 146.718756 41.195144 -116.696727
6.316299 13.052781 42.810985 7.420080 217.141943 51.610065 -29.487339
6.593547 13.151317 42.888844 14.525615 177.425457 58.752057 -61.703899
5.841807 13.095781 42.879936 15.292228 53.946796 27.199840 130.550069
6.146007 13.172239 42.879307 8.539687 175.954113 41.707047 -88.362571
6.660137 13.168000 42.733450 10.952128 175.529323 48.766828 -128.316181
6.575864 13.416643 42.739178 10.832864 314.693986 76.544622 99.821532
6.589038 13.194793 42.804135 9.904228 66.833290 77.852186 -163.158392
6.823157 13.281467 42.997750 10.661631 143.287100 33.631474 95.886276
6.394758 13.021978 42.987763 13.675809 122.088401 45.243134 -94.705457
6.965291 12.913669 42.672226 5.319036 151.081170 48.779341 -60.006315
6.682177 12.991726 42.849116 11.092500 329.091197 22.899557 -110.376025
6.317036 13.211512 42.787654 10.788410 156.014919 17.249108 0.248770
6.518526 13.143802 42.849695 11.671901 330.608388 43.737631 -118.817367
6.603950 13.055258 42.804297 10.485602 355.939115 26.425164 -134.786342
6.447247 12.824533 42.890211 12.202120 166.425417 55.329317 -87.544246
6.593285 12.987289 42.868618 10.293726 297.708238 45.000877 -99.258084
6.725810 12.960019 42.569804 14.206608 91.960086 53.469651 -102.164732
6.009202 13.081332 42.959044 2.338158 148.515215 22.258762 57.889695
6.533359 12.832016 42.834385 13.768846 103.869227 47.995757 -102.990594
6.598812 13.298975 42.934789 23.136713 334.468473 12.570302 -114.606119
6.849772 12.848894 42.740245 6.321458 332.141956 38.085694 -134.528686
6.809234 12.819645 43.040298 16.432605 152.742486 74.851706 -35.413984
6.691606 13.100411 42.542524 13.425785 336.381819 37.677770 -105.972073
6.305794 12.970465 42.811012 14.136752 338.253213 38.978029 -97.169039
6.955540 13.364707 42.792885 8.766690 348.126933 53.376579 84.384118
6.311135 13.306947 42.590657 7.241442 120.333988 51.092363 -57.305311
6.296442 13.178767 42.744524 17.102112 193.855167 29.158484 109.016072
6.876777 13.205876 42.943849 18.080310 177.892892 35.170011 65.709983
6.729209 12.917079 42.684009 17.522731 300.203154 24.662878 59.967765
6.354756 13.056786 42.698307 14.380932 135.075836 80.077086 -18.109550
5.988168 13.089299 42.957617 9.558818 207.310528 53.033166 45.784671
6.979028 13.134077 42.654232 13.311825 62.601983 19.441187 -108.699844
6.730437 12.958112 42.641840 22.665617 351.269696 35.542788 -92.986030
6.695338 12.785529 42.666921 9.625158 333.513435 20.331527 -100.623237
6.675026 12.908804 42.930756 6.450663 174.373891 59.234921 -73.628262
6.283532 13.159848 42.803086 13.586341 174.664988 22.865876 120.969243
5.922722 13.148984 42.894083 12.346999 328.808153 55.189961 -59.992013
6.095272 13.127270 42.866253 4.328835 334.323779 69.958139 136.681912
7.016990 13.266593 42.780820 12.866562 337.377710 59.225520 -67.167616
6.588041 13.159547 42.634282 16.210701 355.529140 79.839774 -84.933992
6.300538 13.206028 42.733918 8.632421 147.218360 36.451857 96.227930
6.633247 13.428737 42.746299 14.486401 150.595942 26.587596 70.071003
6.302825 13.103106 42.915282 3.448477 301.964828 42.471163 -94.073324
6.604679 12.883261 42.735002 9.970059 330.990459 36.217257 -105.230985
6.447327 12.955436 43.087927 7.604029 168.485717 51.875450 -82.360749
6.654831 13.201121 42.659294 18.890745 167.569503 41.670667 -123.737707
6.494971 12.774013 42.651564 7.352311 166.764224 29.180844 69.186492
6.498857 12.927010 42.935686 10.150340 173.300909 29.772571 52.174343
5.930239 13.165711 42.878629 9.303127 235.387147 10.522735 96.313835
6.779191 13.356071 42.891524 14.212562 136.848826 25.963665 47.805685
6.788624 12.666497 42.439053 11.468398 60.120423 40.213643 80.550566
6.503563 13.215277 42.869415 10.635386 174.738094 27.671913 79.251245
6.838814 12.955136 42.675560 7.086363 296.648448 14.053261 -62.529711
6.365955 13.000202 42.766024 7.095672 52.643244 43.003515 -78.937279
6.470189 13.173289 42.950578 21.178006 142.545161 46.923356 -14.932812
6.430963 13.348550 42.771285 10.063847 178.677361 50.434159 -99.963084
6.529241 13.062180 42.991445 8.771319 140.290060 42.065930 -98.616217
7.080100 13.356577 42.764072 8.509465 177.649165 38.582500 63.723385
6.507583 13.067172 42.871452 2.648179 344.556292 29.089435 -50.732611
6.295694 12.932512 42.736751 8.269725 246.690197 22.451861 169.158149
6.163091 13.158445 42.733942 7.731340 177.817594 27.937240 46.092744
6.049044 13.059567 42.780420 14.700678 272.264921 40.664860 -73.046824
6.186436 12.976596 42.673118 10.010864 176.241110 54.358926 -69.145361
6.843419 12.981286 42.833019 11.954804 343.738912 22.204645 -96.673887
5.958507 13.080583 42.830199 9.369674 334.709220 37.117689 -128.015613
5.528102 13.075427 42.737017 8.164864 42.310157 64.095500 34.393858
6.890666 13.199913 42.822757 24.488749 143.269407 21.037879 76.922747
6.584419 13.357941 42.779357 4.358995 139.454169 37.320362 111.701720
6.121917 13.158845 42.839354 9.687110 143.042083 89.140798 -166.510205
6.783002 13.061899 42.746164 15.591659 176.007402 56.504514 -68.401707
6.284980 12.911859 42.832270 13.136291 341.104433 43.835347 86.077975
6.571881 13.009189 42.785219 10.625645 351.988770 22.683319 -123.418590
6.431267 13.032588 42.896367 12.555742 160.266720 11.565232 -93.476776
6.247316 12.995870 42.720679 14.052848 196.026048 47.250297 -28.972048
6.642487 13.460570 42.891138 15.902952 137.419439 34.268385 54.967598
6.247392 13.063718 42.814293 6.595766 326.342579 33.534287 -89.641191
7.130129 12.877646 42.675001 19.309271 273.506476 39.024572 9.486294
6.529916 13.180897 42.772089 19.328540 163.165719 73.439860 -87.646692
6.359681 13.058610 42.872045 15.685305 133.605573 48.947016 -89.083652
6.414126 13.295535 42.714130 8.708827 163.525091 29.659638 98.566795
6.533282 13.257456 42.921956 5.832918 175.317136 26.223855 105.831460
6.560576 13.329916 42.923446 22.622055 176.422310 22.682052 67.539951
6.892427 13.525677 42.831072 15.497538 237.137795 42.531923 -61.943831
6.109058 13.037923 42.822650 10.820436 107.415982 43.007381 -127.081105
6.546253 12.842970 42.607598 6.908577 359.175090 32.778294 -99.976740
6.412600 12.984710 42.869210 4.507273 317.721945 27.428615 -87.421167
6.813993 13.160752 42.695328 8.772768 174.347747 21.857278 98.298306
7.051972 13.048449 43.101341 19.109529 161.346595 39.094603 120.109994
6.516098 13.218909 42.916520 8.137520 91.523140 31.917600 -49.886423
6.525353 13.041486 42.716281 5.452516 348.387247 27.770076 -127.974042
6.697831 13.505183 42.868429 3.788036 29.237987 41.348353 92.037293
6.276173 13.360261 42.727874 12.765757 179.622908 20.769758 73.199802
6.243826 13.141547 42.751259 13.102512 240.983113 72.627301 -107.441746
6.371211 12.989138 42.758015 11.223188 148.510330 41.039639 -128.220562
7.075703 12.995738 42.857009 19.999818 334.502708 26.879726 -123.350429
5.882255 13.032733 42.847583 9.110829 160.362213 52.474806 -11.248999
6.762264 12.542799 42.660868 13.685489 306.081697 59.768640 -93.261705
6.627209 12.958872 42.778886 10.479971 172.444106 53.611429 -47.926828
7.298695 13.017509 43.035371 13.008274 104.392176 59.430262 113.968807
6.132335 13.220942 42.845075 11.648229 358.090314 29.744957 -60.381417
6.470212 13.105676 43.065510 19.997875 157.979591 37.818287 55.340465
6.651224 13.177067 42.806232 7.106890 167.728617 49.291475 -131.360902
6.520377 13.244025 42.600019 3.568530 85.552347 47.564012 -16.632281
6.513522 12.869339 43.046155 10.214120 90.722283 69.309487 28.762616
6.797379 13.755758 42.840194 5.381494 322.835187 66.915630 -112.681648
6.853620 13.259611 43.157855 8.268088 32.406623 73.049538 84.399344
7.195394 13.082370 42.874488 9.717623 350.930930 37.431528 -115.377312
6.496434 13.232973 42.974725 10.006163 98.825231 32.169788 14.795269
6.361207 13.074788 42.715777 14.137936 116.107015 89.422263 151.510240
6.370725 13.150703 42.799177 7.146284 148.718822 36.029785 55.698486
6.658600 13.207280 42.689508 14.361144 164.125952 39.139929 124.609456
6.412170 13.012910 42.858421 7.114700 332.832719 34.962704 -119.517564
6.693423 12.870322 42.876810 12.704274 142.421156 47.259977 -54.499105
6.142530 12.939136 42.882846 13.848586 317.914939 45.696957 -128.987510
6.224100 13.005332 42.849819 7.322181 165.026874 52.397256 -86.863206
6.438945 13.156014 42.902139 9.121828 105.303061 71.648746 -138.807860
6.179547 13.132740 42.751781 6.832689 254.683806 11.229870 -3.668248
6.701204 12.951531 42.866840 21.724182 339.348609 36.318473 -76.065327
6.984324 13.140615 42.658844 14.034912 50.732195 56.590661 39.788813
6.563624 13.231037 42.790243 7.157651 35.888110 45.285251 51.855591
6.300361 13.187350 42.919766 9.504822 178.309393 25.806744 65.452325
6.269166 13.148573 42.879524 7.545901 118.569952 44.048911 -48.265909
6.588213 13.103665 42.666092 12.315859 328.282822 53.080461 -72.663975
6.726441 13.407454 42.916807 14.130109 176.277355 23.686103 123.854165
6.540908 13.552148 42.695319 9.576663 99.853036 37.645158 169.253535
6.265785 13.283149 42.963097 6.220416 155.732643 28.125460 54.658045
6.617293 13.226231 42.833660 13.551557 175.240979 56.590429 -111.549159
6.444055 13.184574 42.836440 7.894469 0.596037 49.567001 -71.935198
6.465599 13.072146 42.721011 18.363786 265.329202 18.081862 43.598814
6.460313 13.114148 42.687279 9.332219 3.366647 83.684928 -23.156667
6.676141 12.812371 42.999195 6.252111 158.491058 38.671088 -76.563026
6.175047 13.077959 42.821155 5.028657 319.257176 34.786864 108.849956
6.583329 13.352987 42.850361 13.811781 174.062562 34.365407 108.464878
6.963528 12.796508 42.910354 9.338993 350.041479 57.346632 -91.898396
6.375609 12.961059 42.843024 3.446178 164.457231 55.334921 -116.098683
6.521556 13.030663 42.525340 6.088563 119.193419 38.465627 -65.363287
6.785873 13.287023 42.816158 12.813475 302.771050 41.223223 53.201796
7.181663 12.599379 42.824844 11.842044 354.297059 21.694099 -85.114645
6.588173 13.278226 42.695325 7.658665 117.026247 76.841503 -64.221526
6.047147 13.156240 42.801338 12.945514 277.264383 67.931579 38.825823
7.005890 12.825072 42.957139 8.971822 156.394268 55.321021 -98.423941
6.127020 13.078632 42.782408 8.514094 293.773732 76.757803 124.927193
6.466917 13.047562 42.823719 17.825822 90.076339 82.214059 -8.348432
6.353138 12.984154 43.027653 8.997516 200.619233 28.634933 -127.043367
6.457978 13.399470 42.898766 6.256060 157.046329 28.738025 120.887508
6.123775 13.099349 42.935880 13.689758 61.583677 86.792318 136.653931
7.012915 12.502472 42.599353 5.453973 204.867292 45.426057 100.416708
7.317451 13.233446 42.820756 21.160464 162.436694 28.368496 103.525691
6.399073 13.240303 42.885150 16.471374 62.571433 80.806793 -135.867628
5.841345 13.169507 42.757663 16.750717 341.636602 39.168233 -93.248468
6.464547 13.159001 42.765203 10.308903 345.120174 50.945289 -78.416012
6.284607 13.046543 42.776760 11.944280 176.782070 54.676897 -98.330205
6.641176 12.919019 43.028998 16.542690 79.717235 54.580501 -83.284362
6.450613 13.208392 43.071093 3.135045 146.535502 39.999811 108.879473
6.877007 12.838525 42.826645 13.587355 352.718314 30.069475 -120.710319
6.441191 13.099911 42.940577 9.629053 164.569766 32.066347 118.437687
6.397324 13.095964 42.641988 4.805992 99.355765 48.976415 -83.610217
7.200770 12.793246 43.159804 11.546191 223.374031 57.983509 -90.491162
6.373895 13.006912 42.827655 4.871838 30.889528 56.573460 141.621505
6.502323 13.098996 43.067859 13.420898 321.910078 62.047027 -42.725625
6.209939 13.164909 42.838379 15.628229 163.076764 35.654761 77.854586
6.614790 13.027496 42.815103 3.043456 357.026760 32.193624 -47.510715
6.695893 13.272195 42.769840 3.614818 306.844806 38.387345 121.690241
6.337245 13.149234 42.797727 6.189663 192.597884 41.840760 -87.965641
6.807344 13.200626 42.876312 12.835049 169.387782 78.740557 -148.990785
6.037697 13.211054 42.923810 11.150454 169.342732 71.117841 53.743886
6.393235 13.206048 42.909587 12.600476 163.603192 25.266709 98.051707
6.727664 13.446636 42.720842 9.694199 135.602303 34.172866 134.019997
6.545462 13.164942 42.760375 13.740332 2.716082 47.125254 -130.140176
6.472766 12.959007 42.893305 22.118762 161.475303 43.344898 -81.414567
6.510055 13.202839 42.662105 9.487278 144.791054 59.131845 -76.817808
6.438118 13.023054 42.985627 11.555228 142.819654 51.591143 -52.756259
6.964403 13.125247 42.790875 4.512347 164.237551 37.757064 56.219403
6.385969 13.384946 42.790220 8.845974 167.723913 43.569473 -102.383939
6.170071 13.210006 42.871923 10.078543 348.801249 73.030606 -79.704558
6.353266 12.996229 42.796134 10.503284 321.700597 39.207402 -51.404336
6.337257 13.023191 42.932573 13.065046 82.556957 69.546464 -168.577515
6.718647 13.373810 42.737907 6.809323 243.244922 41.545142 -115.061125
6.279932 13.212342 42.677522 6.449436 167.797464 55.454974 -129.936865
6.835055 13.119843 42.652604 7.239500 131.756555 55.698868 -71.622684
6.731440 12.806215 42.828513 8.360127 357.788360 23.759631 -74.290131
6.778096 13.197924 42.797331 7.631451 64.286006 80.791315 31.169665
6.466748 13.142946 42.935671 10.100160 159.450084 54.781252 -59.495108
6.629923 13.258674 42.849818 8.848302 325.116804 20.547107 117.438626
6.638869 13.074140 42.939171 16.687529 300.585531 66.984636 -10.803454
6.477741 13.033603 42.794894 8.674871 338.251575 59.255844 -79.844521
6.257638 13.011259 42.838950 9.904399 163.484325 49.392127 -96.038483
6.743120 13.174515 42.856593 13.628494 163.596373 25.407893 71.504847
6.261555 12.922832 42.941572 9.060376 171.793332 52.536019 -93.053339
6.760907 13.015342 42.388435 5.084633 192.394412 39.635816 -76.867967
6.669821 13.214857 42.887164 5.788332 153.342435 30.445095 81.026389
6.938484 13.357960 42.910492 14.945343 139.325757 25.011180 59.555658
6.609299 13.218154 42.749125 6.336003 124.948357 31.239407 -89.542575
6.349015 13.292918 42.846147 12.566465 143.044408 25.757346 95.724748
6.548305 13.215467 42.966638 11.322463 175.015871 34.353309 63.861301
6.283113 13.196532 42.885606 14.849053 169.717668 34.186288 80.977228
6.966266 13.323104 42.495468 21.218272 91.453150 33.283055 135.450619
7.049670 12.901534 42.822906 13.547810 179.962788 43.383956 -76.888066
6.691597 13.241082 42.776733 17.125858 165.397405 20.423726 96.971592
6.508225 13.051480 43.143087 5.411752 155.780146 21.969195 110.740100
6.256558 13.052044 42.842489 2.852855 334.551099 41.315612 -48.843360
6.681094 12.846481 42.833847 4.774738 339.698013 34.625557 -120.892032
6.458565 12.983928 42.796805 8.355125 321.152250 52.900685 -114.294011
7.140295 13.265943 43.134392 15.576194 174.299811 27.262170 81.185348
6.947543 13.704503 42.808948 8.060645 58.727906 46.015263 49.845008
6.321842 13.267246 42.840684 18.270831 68.623408 44.107697 -54.215811
5.924989 13.196734 42.756486 15.664796 152.438328 12.011899 -73.180033
6.711877 13.114279 42.740282 9.925558 162.535255 20.593419 66.234933
6.573595 12.794078 42.698597 10.325408 347.731618 35.306247 -51.301163
6.414135 13.044862 43.065691 14.169149 145.582087 50.289972 -115.287013
6.521093 12.928914 42.862509 20.173294 214.727363 28.383816 98.922362
6.513456 12.972255 42.943993 11.290437 140.536111 30.524316 87.281465
6.581548 13.416615 43.165885 10.005104 164.827745 29.634255 107.986830
6.676171 12.923616 42.928439 14.524881 176.745256 57.191044 -53.667169
6.122319 13.193688 42.831887 12.196725 358.473904 61.984076 -128.097261
6.427617 13.426723 42.644442 15.767895 263.367631 79.160239 151.265179
6.666602 13.322275 42.723192 12.080745 167.606756 49.382393 -47.184790
6.891329 13.157669 42.795430 11.051841 161.671991 40.222536 -85.296161
6.440576 13.060263 42.677484 8.349726 334.268309 26.648452 97.478935
6.188384 13.083823 42.738152 12.675681 346.828778 21.583612 -54.376329
5.572466 13.078716 42.806984 13.059391 170.503640 45.763574 -59.776022
6.950885 13.085058 42.690653 26.829068 287.060723 65.049193 -104.804336
6.094934 13.213957 42.951788 14.043840 273.587547 63.702233 -170.232846
6.399042 13.154022 42.821161 18.738509 151.631206 24.082678 108.362410
6.405526 13.029014 42.836872 7.776109 288.304206 34.184621 50.634643
6.685120 13.082480 42.837627 9.381210 326.868417 32.168538 -134.821752
6.303766 13.234859 42.744760 11.188604 168.781427 10.655186 93.549878
5.985836 13.260796 42.847280 13.518064 356.409590 66.362314 -70.670386
6.133915 13.150464 42.899195 4.777475 168.053451 20.016572 132.012758
6.682021 13.030427 42.827109 18.657945 152.563949 49.988423 -64.891149
6.828828 13.147376 42.969798 17.124079 140.747919 35.162606 51.252713
6.314469 13.095278 42.807325 4.938961 137.793574 43.487208 -77.901109
6.608898 13.338177 42.895887 14.159235 148.255448 33.549810 82.913629
6.774687 12.631343 43.065709 8.217663 353.169209 35.914195 -124.996907
6.970278 12.836714 42.637696 21.162058 130.988915 49.180768 -83.377572
6.590082 13.019298 42.857108 4.735554 94.658231 82.132559 -162.222787
6.165554 12.966810 42.956733 7.216719 7.259666 51.378704 -173.578907
5.789003 13.096697 42.852552 7.561090 344.231585 25.319238 -46.006123
6.605900 13.060320 43.141436 12.080881 158.469242 22.764959 115.909676
6.953635 13.154274 42.701788 6.590008 276.046525 45.854103 -103.552609
6.216706 13.078305 42.807139 10.016440 356.027150 20.628191 -81.786399
6.765906 13.498714 42.857181 17.596947 167.525667 30.760467 132.611573
6.163823 13.004867 42.919340 8.115890 167.446513 47.497590 -129.590828
6.329915 13.008684 42.799226 4.664195 179.395978 56.388044 -90.342112
6.643548 13.438412 42.861246 19.816104 304.904669 42.763663 84.763428
6.362303 12.918083 42.969790 17.723971 168.154912 46.155649 -133.575679
6.447708 13.326085 42.823914 19.925380 95.955359 62.923723 -8.440383
6.316406 13.126532 42.922744 15.971810 141.247481 41.149260 -124.885816
7.025561 13.351737 42.722908 7.382959 46.088510 78.726141 -130.224485
6.530021 13.142176 42.844751 11.727028 78.784092 87.658424 6.239498
6.255031 12.978437 42.795955 10.531963 356.919056 24.145191 -86.099184
6.507789 13.116870 42.907702 10.855166 111.073052 51.957495 -134.720941
6.137188 13.273325 42.792996 12.191247 155.088023 26.148333 72.208508
6.587756 13.131617 43.032540 10.316096 338.930793 59.023072 -94.758147
6.754224 13.187197 42.710470 12.010716 178.477316 37.082319 131.088877
6.233294 13.172564 42.882864 9.683275 97.128236 85.336391 -111.374722
6.120126 13.133560 42.829491 11.463811 156.845190 55.972411 -166.933549
6.465071 13.143265 42.968071 12.797319 147.238785 48.229522 -52.502493
6.782625 13.489033 42.818674 11.565581 177.090186 33.637533 54.956367
5.873955 13.034939 42.817015 8.204430 279.627645 45.563838 -99.935710
6.513070 13.249434 42.625530 16.090641 150.255636 89.029100 -71.747510
6.500381 12.860177 42.956684 12.446331 140.522104 53.955997 -58.038446
6.737892 13.644898 42.851591 13.582647 165.103015 20.143378 122.911503
7.234764 13.581331 42.690178 11.780569 155.403701 23.953268 65.521727
6.342679 13.141083 42.855893 17.248012 177.648580 39.179449 102.070928
6.484810 12.954924 42.712951 14.111613 311.465743 66.843313 -53.035309
6.656968 13.314943 42.718344 15.334699 170.460514 26.682261 127.334484
6.489474 12.903575 42.871541 4.444674 353.423899 21.715505 -97.955416
6.433981 12.869383 42.798461 11.168435 135.699683 42.964527 -133.665639
7.062214 13.613294 43.330094 12.552477 160.405915 50.806110 128.037665
6.290479 13.110749 42.970122 7.708574 288.230685 66.150262 -179.258342
6.317393 13.210765 42.934436 6.579674 94.008714 36.559598 86.868206
6.592423 13.297048 42.884367 6.064607 157.922875 20.861057 54.788013
6.596661 13.129967 42.948011 9.498139 296.092666 47.738393 -117.697872
6.565656 13.036547 42.893890 8.028103 167.923509 54.229621 -79.006556
6.868481 13.159718 42.739793 9.875432 215.740843 44.140939 -80.868331
6.801103 13.262604 42.861658 10.261778 177.095871 47.440584 -109.253402
6.664266 13.116116 42.880053 14.564711 347.662180 57.317599 -20.845180
6.514747 13.247336 42.856350 14.377059 98.673374 42.265790 -130.390407
6.399005 13.069885 42.844218 15.880803 116.406920 84.437136 -142.048291
6.630810 13.280661 42.981370 6.021139 273.739609 47.494698 121.529418
6.190237 13.162185 42.983063 7.917864 169.407392 20.581263 123.568578
5.862687 13.112080 42.801261 4.962002 142.106329 47.275507 -54.072919
6.401168 13.254014 42.717073 15.646154 145.605213 23.616172 123.329906
6.266647 13.217404 42.857715 10.828456 153.482877 21.105050 69.866967
6.773728 13.315032 42.860167 12.736605 161.489507 21.494848 131.873514
6.633647 13.177083 42.808526 18.304175 345.113214 60.234905 89.677873
6.302363 13.026295 42.822184 18.140421 174.486917 59.028419 -80.658186
6.725587 13.044093 42.630598 16.985129 69.452723 89.527322 160.154126
6.403033 13.159061 42.664365 16.918049 126.329301 50.655145 -81.315246
6.545948 13.047021 42.805055 22.776232 163.570166 55.903583 -100.296415
6.709230 12.842098 42.808149 14.556265 216.895893 54.488693 11.663857
6.397606 12.903000 42.805299 6.824592 116.355786 67.134309 -118.917453
6.238571 13.182548 42.948445 8.768290 62.118682 67.173440 105.153105
6.737084 13.271196 42.953554 8.237091 41.814546 61.691862 33.880755
6.693099 13.040014 42.795897 4.181426 159.640326 49.285437 -71.633758
6.470157 13.005745 42.714703 9.273884 162.065163 44.996381 -134.324309
6.350631 13.120890 42.743910 3.326669 307.879490 54.373042 144.851545
6.660935 13.451077 42.726377 4.054294 314.202634 24.605809 50.965876
5.928193 13.042994 42.853036 2.245457 161.666948 45.711430 -51.204429
6.491927 13.185177 42.891425 16.926278 128.249121 40.666580 -139.282460
6.171529 13.302437 42.649048 4.434603 129.535440 47.223576 -109.948675
6.404322 13.352941 42.861040 12.698914 57.843192 38.993314 -98.394033
6.219100 13.104151 42.802862 7.765386 332.003097 20.346396 156.351232
6.637881 12.852464 42.692266 9.592653 47.683206 51.944353 -16.266830
6.818777 13.087559 43.083470 10.897576 141.042789 50.696169 -67.632925
6.730674 13.341255 42.907350 11.512540 259.377006 21.355946 7.439899
6.366752 13.354640 42.766811 7.833235 150.925031 47.627648 -119.239434
6.777890 13.370495 42.771033 10.490250 229.654156 22.901780 -150.394573
6.844825 12.924153 42.864961 15.701249 57.087639 87.762728 -5.275929
6.527185 12.914778 42.897885 9.173769 136.967940 54.416103 -93.122033
6.618827 13.388875 42.688573 6.152121 151.494749 20.972036 114.472033
6.561101 13.082527 42.939779 8.883559 339.621979 37.962932 -57.241935
6.040384 13.013479 42.751112 6.318813 319.876364 67.094654 -73.005313
6.214426 13.102664 42.912886 22.004872 143.173308 39.802683 108.982597
6.535285 13.175568 42.869335 8.265572 155.543906 29.264481 85.494820
6.524030 13.151862 42.821232 7.809079 72.796259 50.595431 60.172090
6.583693 13.160700 42.656610 15.395595 142.045258 44.668715 -111.194726
6.161365 13.163147 42.750062 14.059418 142.705246 37.012374 52.830775
6.639074 12.733804 42.784097 9.300162 335.914018 27.711110 -134.630087
6.568311 13.165688 42.633110 16.517854 96.468091 64.222817 -172.456433
6.428417 13.109579 42.802060 8.637447 250.557741 50.775141 -74.630225
6.297715 12.982253 42.601353 9.936444 350.538013 29.613764 -66.226258
6.889375 13.064955 43.028095 6.687129 16.376214 44.936016 -160.642518
6.293214 13.128528 42.771228 10.032240 173.498087 39.059631 115.713672
6.332200 13.008041 42.968434 7.785815 294.978160 49.613448 -47.174136
6.515443 13.076979 42.903030 11.270417 143.927523 25.344537 48.459503
6.190746 12.949973 42.928450 8.199999 142.437768 23.185563 114.138827
6.453939 13.176631 42.794599 14.666855 176.828807 26.131359 76.445864
6.680217 13.171826 42.709440 2.677630 292.934953 22.659179 121.091605
6.746873 13.152256 42.805240 4.258040 176.814769 42.871660 -86.165778
6.404973 12.982585 42.834761 10.235344 176.372984 42.994110 -119.235701
6.352049 13.013709 42.760428 14.255265 106.872547 41.987584 -109.794838
6.715009 13.165528 42.917922 5.786749 11.101484 11.834876 100.120424
6.316833 13.154192 42.986743 7.035349 143.040020 29.953006 118.981723
6.902685 13.041241 43.183618 9.974455 281.487129 75.496895 -107.517428
6.134913 13.044070 42.851166 8.866966 169.680962 52.228331 -60.255135
6.520732 12.917790 42.501753 6.723483 93.012654 26.069097 -94.919995
6.546037 13.233255 42.789349 4.487016 167.641158 46.246274 -63.495456
6.773442 13.172273 42.751661 16.930724 153.332378 25.708395 86.468701
6.602790 12.882402 42.759779 19.149579 146.656391 55.248051 -118.583832
6.634454 13.000931 43.039831 3.641011 153.358950 42.311923 -133.595731
6.680557 13.364120 42.580712 11.879868 189.139735 26.238543 34.988709
6.272652 13.215663 42.839034 7.083655 146.615672 27.328407 57.341396
5.839992 13.074604 42.844575 14.966303 276.821889 34.484014 63.045111
5.996131 13.167641 42.701972 15.538003 86.984982 69.366216 141.600735
6.425621 13.134421 42.707326 4.333210 178.979183 39.292854 47.976743
6.517025 12.907860 42.938359 5.758795 137.905664 41.239638 -133.158263
6.849033 13.470080 42.981585 13.104274 150.086114 54.319362 63.155383
6.712355 13.101154 42.834924 11.542155 332.971723 25.624866 -114.548748
6.675430 13.451066 42.677451 11.484316 168.115697 32.056703 94.690275
6.477813 12.880365 42.953573 5.520389 291.377752 71.172962 -62.376376
6.153783 13.052800 42.851795 15.204914 178.830967 48.356374 -132.877243
6.714363 13.065993 42.771124 10.187105 327.602964 52.660807 -90.823741
6.332783 13.080481 42.794339 9.428907 279.562175 75.231142 -55.895253
6.087566 13.110631 42.883733 12.147317 350.133640 56.613562 76.825699
6.816462 13.207855 42.951927 7.881175 168.303740 30.254308 115.367157
6.534631 13.280591 42.735343 16.760383 175.348951 82.055063 72.662366
6.582209 13.172334 42.946033 19.083933 94.726129 48.951050 61.736850
6.765073 12.842079 42.657641 13.813705 124.883472 78.041364 -62.204536
6.344860 13.314358 42.756492 17.843061 137.946743 37.620910 81.834375
6.743459 13.169925 42.852455 11.785393 144.254178 20.645566 134.569286
6.846408 13.264124 42.856287 7.171066 259.875511 74.554643 -40.498796
6.789042 13.281637 42.782544 14.505816 157.712648 78.779033 -9.106101
6.667877 13.201251 43.028819 8.969238 154.809001 35.942164 8.171423
6.668989 13.038579 42.624801 9.952708 241.384781 71.968310 163.754812
6.271513 12.981926 42.768657 5.410630 353.539224 66.670884 -72.534225
6.514439 13.218639 42.969704 8.008133 157.163285 39.858366 110.040030
6.599686 13.478876 42.954091 5.446826 65.425873 20.053013 106.452655
6.644633 13.270222 42.764197 13.097787 144.989710 59.502507 -54.399656
6.767350 13.306631 42.900840 9.529560 146.476214 23.866945 116.861188
6.506946 13.035493 43.013697 8.966985 105.027893 80.159106 -179.901509
6.785319 13.354916 43.240236 20.150470 157.984245 53.653024 46.075460
6.008938 13.105499 42.919716 11.138226 145.914309 55.767758 -49.909097
6.614691 13.092812 42.868234 6.299789 350.671110 33.609540 -66.398217
6.046500 12.990642 42.839810 14.050971 138.718997 57.290248 -99.882386
6.802420 13.273284 42.925845 11.493050 163.994930 34.845009 49.546799
6.929626 13.197840 42.847052 7.923607 166.477957 37.356275 89.117708
6.690670 13.077180 42.817003 4.380422 170.212393 53.865496 -72.526944
6.287566 13.268010 42.791488 12.412842 151.325389 52.128086 -92.950274
6.705873 13.697686 42.797014 16.291039 110.168013 30.591549 85.538111
6.352945 13.093572 42.727314 15.504884 144.766437 41.554319 70.760339
6.744567 12.868982 42.736637 3.852290 100.735913 39.819551 -99.479096
6.355651 13.112167 42.832859 14.015367 197.518381 21.971639 116.011818
6.713200 13.291442 42.587651 10.395605 149.960499 56.070944 -102.490728
6.211435 13.111896 42.687946 7.776760 141.118311 32.595679 121.632410
6.456027 13.139399 42.732717 4.872638 169.557672 36.879897 77.934746
6.381818 13.360283 42.994149 10.853160 348.175891 50.202350 133.741182
6.356277 12.902095 42.950170 8.989795 179.229139 37.718900 49.064061
6.967990 13.107954 43.193474 13.277344 341.434726 59.921382 105.980833
6.556357 13.428303 43.072168 9.389134 159.358187 26.830532 112.294134
6.577015 13.165456 42.788281 5.846506 187.968721 45.399577 -22.478187
6.413461 13.070384 42.742898 14.388571 153.900888 58.585045 -128.170456
5.924057 13.119132 42.889723 11.284961 158.059322 56.097326 -107.121270
6.880687 12.772045 42.961208 5.658947 354.898114 34.348367 159.738692
7.182229 13.165355 42.734112 17.683147 154.572558 29.598660 95.401305
6.444204 13.128674 42.751654 12.856338 148.610543 38.687585 116.737576
6.588798 12.954280 43.055528 16.045676 151.560159 71.446071 -106.020878
6.649350 13.251654 42.776210 2.895175 274.769538 15.994392 -60.028124
6.731696 12.875993 42.558803 15.654363 56.128867 66.033960 -5.055574
6.771330 13.000758 42.383258 7.836137 86.138265 24.695592 88.735981
6.682612 13.067437 42.840288 4.860330 29.104111 68.573711 105.594551
6.182938 13.095348 42.771079 14.666056 160.379735 45.465732 134.206046
6.651792 12.879637 42.741892 19.766715 154.000724 55.005836 -58.271673
6.587916 13.232840 42.889175 5.707093 177.315785 46.991293 -130.903322
6.654217 13.170752 42.639735 11.801948 302.981604 54.471823 -61.818195
6.550824 13.057017 42.867704 10.808015 178.917650 55.384193 -58.882681
6.444772 13.006023 42.690448 6.364263 145.225398 57.200880 -93.863231
6.389364 13.159409 42.918646 7.699882 168.102135 37.656242 94.474631
6.398637 13.083594 42.843166 4.303145 144.434009 52.240420 -73.478781
6.360793 13.244899 42.845038 12.225893 149.739628 24.374623 76.838973
6.580262 12.881827 42.780448 12.344848 118.597529 43.858368 -65.643397
6.243867 13.067445 42.796500 2.764986 358.196750 34.439282 -80.580793
6.425110 13.170476 42.635226 4.109675 0.847805 85.636120 -15.846376
6.505281 13.008382 42.944123 7.582786 147.213090 42.249418 -115.534448
6.575991 13.238451 42.923548 8.288355 164.203445 27.730000 90.329104
6.587667 13.301323 42.867673 12.965288 50.207515 63.687972 -158.125172
5.919519 13.044669 42.889204 17.452357 147.022584 78.299929 79.135484
6.795557 13.664999 42.752022 22.909855 176.666611 21.822617 48.132094
6.423336 13.462614 42.959442 17.536434 179.292229 48.059338 121.650523
7.027907 12.724610 42.631149 12.433321 158.606477 76.532851 -98.921646
6.391404 13.294638 42.908605 9.224774 302.677955 78.239840 -172.285279
6.122207 13.214868 42.782070 2.531419 138.876032 29.742121 77.240068
6.757204 13.269416 42.757585 12.666037 7.783390 64.794428 -99.936457
6.659072 13.406062 42.740498 16.284711 175.241147 38.436330 52.888063
6.861548 13.177694 42.991388 6.095079 176.772355 89.182529 122.663039
7.117294 13.280490 42.712608 10.928252 276.748320 44.903492 -128.769817
6.581804 12.743655 42.946118 21.733013 330.146438 25.146521 -99.481049
6.665751 12.850931 42.862255 12.206932 151.367244 82.645168 -11.923745
6.401547 13.038710 42.695083 14.617920 330.965481 30.259586 -118.750664
6.723410 12.921661 42.732110 20.677441 139.936942 58.798457 -51.771861
6.319010 13.037831 42.967652 9.336810 106.828834 56.195246 -72.444396
6.578051 13.247663 42.793941 8.289618 286.969143 63.904950 -165.968660
6.166579 13.061274 42.934643 9.710180 157.978059 49.603316 -105.937170
6.638322 13.162969 42.716035 19.483224 178.094091 22.422419 48.418526
6.266175 13.058892 42.762845 13.151771 347.797301 24.062801 -63.850193
6.714152 13.398913 42.652781 9.622318 103.446514 78.392737 -162.149238
7.032512 13.245370 42.776014 22.097634 358.703443 63.213556 -123.477627
6.302533 13.163989 42.960648 9.083085 239.708662 58.090198 105.841569
6.487221 12.988988 42.807155 12.283358 128.517128 53.380599 -118.801836
6.693079 13.505837 42.783371 4.455166 158.344314 54.467156 14.993634
6.214885 13.104355 42.860491 5.663677 49.782348 81.826281 3.536957
6.892966 13.402983 42.739499 4.672667 140.493380 44.039064 -87.310767
6.311372 12.864381 42.916756 7.014316 146.698873 37.802498 46.830242
6.523208 13.033663 42.855894 10.742559 109.291495 32.011456 -170.353126
6.956014 13.088701 42.481206 15.541115 179.617941 57.437516 -71.752103
6.451915 13.197208 42.958210 11.101073 212.877205 58.879141 16.597251
6.677060 13.222685 42.680479 16.688715 208.672576 57.942769 -100.933921
6.610882 13.157088 42.819319 9.230949 162.147501 27.233710 48.278186
6.883604 13.052025 43.158867 14.071755 170.842555 25.506048 104.350640
7.035647 13.526742 43.230504 10.160014 324.452081 33.596783 -160.058828
6.541977 13.326518 42.811557 2.846965 165.447392 11.893482 109.131189
7.143129 13.496995 42.875818 18.538322 138.022021 68.153632 -73.156494
6.710975 12.895127 42.781923 14.607300 150.232901 40.366738 -109.702128
6.567223 13.181108 42.908268 4.515965 227.091460 36.163935 77.610071
6.746486 12.687719 42.927545 13.401157 346.325346 30.927869 -94.566354
6.298987 13.172316 42.596314 5.117798 103.493882 73.436972 166.444988
6.217788 13.126005 42.793996 8.716830 143.144803 77.946680 -130.775871
6.929230 12.771142 42.713912 11.308508 132.002164 88.053003 169.306600
6.841568 13.042322 42.614013 12.573455 143.608658 84.122542 -30.133181
6.134807 13.072485 42.875969 6.961744 82.623572 84.587492 -116.070068
6.006045 13.017921 42.953403 13.588020 334.749793 74.474443 -44.457285
6.511290 13.119032 42.782209 5.431881 100.454407 86.375446 44.011848
6.410540 13.131233 42.731135 22.480179 107.409665 41.389813 -59.087474
7.086806 13.255147 42.759148 6.555298 172.117493 22.899879 56.279394
7.012873 13.389461 42.655040 7.081411 164.937352 20.427713 96.786543
6.359440 12.925979 42.818380 8.017100 176.002950 54.614793 98.492183
6.605019 13.019783 42.793187 13.440446 316.213453 22.943849 -97.618912
5.803488 13.175376 42.856612 8.010845 89.043997 58.762242 -47.662004
6.855361 13.190367 42.889908 7.026567 70.857863 83.362092 44.787014
6.049095 13.061901 42.834331 7.113194 355.635213 68.687845 -97.359414
6.645938 13.155157 42.792250 3.385187 148.587057 36.868028 81.315158
6.806345 13.373084 42.844154 14.917575 137.883364 88.300070 -8.407697
6.823597 12.870306 42.729675 8.864340 52.879354 32.457302 91.462556
6.661447 13.269949 42.762982 11.638206 109.844502 58.821557 -112.455691
6.562638 13.284737 42.874393 25.067592 328.452258 78.188392 -63.787494
6.545281 13.247700 42.636538 15.025254 167.628236 57.318110 -48.823204
6.664944 13.431452 42.577703 21.310233 118.643699 74.874069 -158.179324
6.400241 13.328361 42.857548 16.340068 151.762350 42.449355 -89.217210
6.496169 13.004540 42.823669 16.014628 179.267743 58.477119 -132.220063
6.569182 13.128400 42.853994 3.125454 160.652364 35.734931 90.223878
6.629354 13.063061 42.860246 10.767061 182.322629 71.734913 157.787263
6.448525 13.353420 42.668082 5.883621 172.837516 25.258867 58.537753
6.327278 13.077989 42.941105 5.827483 112.605934 21.046521 -119.267951
6.307591 13.045945 42.743936 7.634219 283.195815 33.122031 102.118470
6.373094 13.136606 42.935217 12.482793 166.238382 57.966517 -110.646530
6.150456 13.038152 42.846876 7.629718 167.262236 50.150948 -133.733712
6.665035 12.903135 42.806897 12.045185 172.762675 57.752905 -122.729168
6.162957 13.044065 42.825794 6.841498 175.405075 84.792558 -23.957655
5.966826 13.151464 42.832899 4.045494 87.386159 81.634008 -140.488178
6.268153 13.232479 42.765138 4.560981 92.645540 84.343814 -16.596421
6.760026 12.952898 42.879766 14.484607 153.720821 56.926480 -126.607778
6.384008 13.099341 42.704018 11.112925 135.552796 29.652933 -134.014887
6.261845 13.103368 42.756245 8.129996 224.271310 52.072121 101.764796
6.686981 13.466964 42.979986 9.571250 147.197047 58.379893 127.907749
6.660221 13.380412 42.982779 12.831699 119.671150 50.043882 123.462769
6.586345 13.252880 42.851169 6.121305 196.557065 52.245630 -97.120439
6.348901 12.971071 42.790043 14.778890 346.273674 48.646093 -74.456262
7.073375 12.485761 43.244480 9.891326 143.721526 67.247055 53.268406
6.353041 13.189121 42.873825 8.308170 146.405266 38.190464 94.452042
6.722197 13.087278 42.879039 15.958948 42.810007 70.572723 103.000626
6.441096 13.413950 42.658669 11.065235 127.906055 81.135058 10.448398
6.263056 13.114241 42.796004 17.230288 146.181303 27.171331 51.368527
6.229580 12.980839 42.910171 6.007156 135.213615 46.416563 -65.586904
6.137945 13.054275 42.787138 7.119496 248.102051 36.510669 71.286171
6.731873 13.239019 42.822118 23.959283 151.847274 22.808356 67.404690
6.710664 12.775000 42.985143 11.380721 152.788449 53.930868 -52.172989
5.973761 13.116611 42.889275 9.227393 166.204803 59.617678 -61.412006
6.892124 12.699829 42.594282 5.048000 299.363359 41.778804 -78.679447
6.461706 13.116009 42.920971 12.169696 316.112827 51.412786 -32.671141
6.270881 13.211455 42.863672 13.082249 343.966501 29.813054 -118.453048
6.270030 12.903057 42.729131 10.701685 110.830536 51.783371 -45.832176
6.168314 13.252760 42.857097 6.492327 224.116707 40.389662 -117.582926
6.512287 13.328902 42.849363 6.301116 152.810030 35.141219 -77.556489
6.612971 13.189914 42.809809 4.134660 150.052319 54.984833 -65.726434
6.314075 13.100775 42.776606 7.984306 345.147987 25.086682 -125.234727
6.515695 13.131054 42.929534 9.159595 173.579507 48.712096 -100.010271
6.456677 13.176323 42.861742 3.705765 302.229934 57.812796 128.228477
6.427195 13.193526 42.798832 14.801511 157.716013 32.809937 74.319934
6.318217 13.127126 42.824259 8.772341 145.834023 24.810070 50.324349
6.469121 13.045560 42.817872 14.549951 55.820079 55.859642 -129.450200
6.616456 13.200656 42.901386 18.061793 77.906268 51.455715 -61.069107
6.489376 12.712481 42.769196 10.336156 212.585375 10.283138 96.041298
6.458245 13.263388 42.616455 10.067171 18.560104 66.521523 -51.456529
6.267513 13.120513 42.957235 8.682696 342.823417 79.047699 -112.947815
6.021178 13.159289 42.708153 11.868905 283.230450 18.183917 81.892263
6.336688 13.319703 42.823552 14.122963 146.347479 57.248119 -79.887169
6.884745 12.978989 42.625184 15.331584 113.893091 81.118760 147.937432
6.278076 13.143373 42.770288 18.899193 323.847083 67.711905 44.680128
6.114054 13.192570 42.729713 14.182142 166.949039 89.754900 22.701036
6.584772 13.049462 42.782368 15.044005 91.356814 46.727041 -119.929414
6.123034 13.066589 42.845713 14.164001 278.068700 14.672185 -84.369615
6.363332 13.240483 42.730947 3.857777 154.833499 37.524140 126.381697
6.437187 13.361344 42.813061 6.493044 171.537583 26.067697 164.310176
6.893668 13.320649 42.709502 15.614368 150.942412 30.253233 104.774777
7.056607 12.728917 42.642918 8.189987 269.661078 26.937396 146.041045
6.443612 13.166365 42.776837 16.102245 130.171370 58.203049 -61.004126
6.700690 12.980746 42.685283 10.672952 92.998526 36.389198 99.555377
7.059151 13.075287 42.991662 13.578332 355.182763 35.953011 -54.198593
6.035076 13.039630 42.803212 4.775859 165.284130 52.139250 -126.457518
6.713710 13.344575 42.743007 5.933808 168.648947 22.161408 121.472413
6.174313 13.319670 42.899320 10.241678 85.489405 81.159017 135.047501
6.675808 12.695565 42.832109 17.319885 241.395890 51.850254 -99.389859
6.591274 13.106352 42.825406 13.430761 170.102526 46.515317 -114.065340
6.585916 12.807069 42.758484 18.941342 233.137481 39.677675 151.693076
6.758127 12.838406 42.726115 9.582690 185.401798 44.151999 -116.433431
6.309321 13.036566 42.723053 11.853526 202.514405 14.549682 77.626923
6.512714 13.303103 42.785082 15.647231 219.201572 22.438982 -59.611947
6.222886 12.902777 42.720167 13.544608 301.213383 25.264487 91.499657
6.699876 13.238300 42.875556 15.117447 182.548551 45.794212 -134.528392
6.501732 12.979891 43.046902 12.540774 317.684758 48.106011 -78.590824
6.904941 13.467033 42.914876 14.116451 145.556252 44.621424 131.368511
6.096704 13.079406 43.024631 13.103081 167.496876 69.903209 -85.934353
6.783435 13.090424 42.975136 25.442245 86.181354 46.429649 24.067812
6.506018 12.904215 42.736795 12.615892 100.255982 40.839650 155.905315
6.709624 13.107725 42.682239 4.805621 135.987760 39.878776 101.394815
6.638372 13.135742 43.087380 11.116692 167.474473 46.116225 -94.011710
6.513017 13.137846 42.873860 14.564756 335.338648 53.478198 -106.429444
6.629113 13.155058 42.784455 13.489241 155.045229 25.232569 111.650963
6.209129 13.197118 42.764136 11.210447 144.795674 35.268248 77.682740
6.821757 13.309895 42.777298 5.367020 103.500997 63.791417 -67.111714
6.492437 13.134182 42.777324 15.301032 344.761066 52.257656 -95.341478
6.244854 13.082546 42.884697 7.489861 145.653638 45.901983 -130.078422
6.467331 13.013725 42.799110 10.115542 52.634337 61.569300 46.656050
6.549885 13.297350 42.793650 14.307783 164.367275 38.053611 70.408870
6.834051 13.509982 42.732348 11.392447 177.763213 26.883892 55.404512
6.737071 13.172190 42.702826 8.300203 179.724813 45.407211 -46.680237
6.801068 13.000469 42.920479 18.427020 20.087098 84.512654 -18.162592
6.536007 12.699714 42.807254 11.730189 187.064128 48.658909 -124.506768
5.999065 13.271718 42.774530 9.928635 158.275419 42.829207 -83.677064
5.903673 13.315523 42.842349 16.081380 156.556060 29.021641 61.188046
6.609949 13.039969 42.999352 4.662304 234.795996 73.779425 93.699530
6.305211 13.055151 42.994816 17.846560 108.055781 26.177343 173.477798
6.821943 13.484918 42.509373 17.036603 51.981025 69.224071 -151.903184
6.255923 13.010348 42.940903 2.935893 193.219930 48.328655 13.807055
6.669711 12.928732 42.939478 13.241002 354.927941 44.506796 -125.481232
6.676179 13.338068 43.006081 6.588064 310.620802 73.030929 -120.998744
6.857295 13.361522 42.957285 17.416087 178.811293 20.823442 133.328957
6.348462 13.192633 42.736851 10.758557 154.975754 56.483860 -77.853123
6.648469 13.037947 42.737842 7.951775 308.154732 55.379597 -56.668359
6.390706 13.145849 42.838757 9.147505 152.438649 84.207444 90.845526
6.816852 12.982072 42.870450 6.800677 320.439620 36.886970 -132.818143
6.549321 12.956046 42.575440 7.430103 312.312688 19.935023 -49.804596
6.740935 12.778246 43.160882 17.519688 174.028286 57.310645 -91.851408
6.466021 12.980145 42.818105 11.119145 153.949388 48.111666 -129.572816
6.399125 12.897623 42.848814 18.293328 353.288654 36.313044 -53.454426
6.540736 13.154429 42.927961 7.889814 143.013813 33.750710 123.474970
6.370860 13.246376 42.996754 15.547937 335.608115 43.858128 -113.550689
6.499052 13.248428 42.689956 10.393503 90.354615 29.077613 54.203088
6.727468 12.782843 42.900560 10.954370 316.293819 28.233299 -119.320547
6.595810 13.423749 42.971818 7.891187 146.011411 29.385958 123.932324
6.507376 13.266457 42.685487 12.131157 141.594762 38.621596 84.522990
6.772699 13.160913 42.495610 5.233683 125.509967 48.026131 -133.670929
6.883764 13.141452 42.860745 18.109111 249.057034 46.122488 115.807898
6.217910 13.279241 42.794506 11.399489 94.201672 56.926589 -110.049098
6.357103 13.108614 42.738000 13.655966 209.448268 64.603306 121.859380
6.802980 12.648399 42.988859 4.991450 335.384607 28.372895 -112.125234
6.790574 12.824821 42.596010 14.512684 191.526913 61.532809 -104.007265
6.953850 12.775383 42.721498 6.727578 155.804850 87.619666 2.573777
6.580421 12.974150 42.934979 11.995699 172.902829 51.920295 -62.270869
6.420465 12.915792 42.845937 4.059423 331.157156 22.826920 -51.309052
6.651686 13.267610 42.978617 9.996560 175.177138 25.452571 47.376875
6.474321 13.024919 42.786130 12.040280 55.787002 60.509231 125.282323
6.398835 13.182663 42.858121 19.593796 174.326166 37.730100 69.915735
6.194236 12.968511 42.938676 19.074621 135.997191 23.658933 132.847260
6.352000 13.097334 42.828520 10.916811 170.243445 79.954463 159.558691
6.371213 12.839903 42.723741 6.118867 351.024182 32.228494 -82.506394
6.242715 13.152648 42.806666 17.431262 165.166982 50.282976 -67.678281
5.965175 13.271335 42.968938 9.809712 163.490413 26.032405 121.059856
6.617131 13.030475 42.792519 7.528827 168.809552 53.392186 -76.193517
6.687549 12.737761 42.596838 14.636282 178.977445 26.990207 -99.655777
6.651670 12.900902 43.043413 7.934579 147.789921 71.592537 178.761981
6.424963 12.972075 42.830762 13.572709 319.973635 37.724235 -96.394041
6.735076 13.111058 43.121363 4.614617 174.635961 55.139533 -120.033587
6.306006 12.964130 42.931132 6.656905 138.607112 47.955130 -59.328582
6.795224 13.036471 42.761158 10.015093 328.812518 38.612920 -98.719922
6.035130 13.219697 42.798120 14.470359 3.679696 58.831199 47.942498
6.375523 13.305789 43.054978 14.762685 35.629243 47.037371 -123.192066
6.439797 12.975044 42.962923 6.941443 93.214003 59.251830 79.029218
6.858172 12.909429 42.622896 16.764245 101.861820 17.796594 -40.628149
6.682020 12.644407 42.912606 10.579700 173.174666 41.609840 -82.994213
6.495370 12.895443 42.667347 8.466819 141.955681 51.817385 -134.261343
6.279071 12.983942 42.770128 8.285803 348.092543 32.209241 -70.147365
6.849694 12.695492 42.658780 19.127028 355.350513 22.703285 -114.278406
7.220998 12.896192 42.987405 10.823310 112.691077 58.096985 -133.038984
6.400734 13.175476 42.930385 9.473134 171.934915 82.349922 117.111297
6.182783 13.116400 42.974202 17.673702 157.349534 36.242957 84.715467
6.451288 13.361409 42.790293 11.879466 172.937431 28.833452 90.854177
6.866659 13.261064 42.638680 11.696121 142.752129 51.753271 -60.018096
6.976464 12.967455 42.613255 5.796460 53.002095 42.031150 65.570299
6.696089 13.399035 42.980820 6.988723 147.204213 28.762768 134.311033
6.601710 13.113718 42.664530 9.445768 165.435205 52.186583 -104.663297
6.786880 13.014605 42.809931 7.241236 346.094693 23.581337 -61.959148
6.582286 13.110955 42.976050 16.714076 141.822204 73.473214 -116.984903
6.633319 13.266748 42.833855 8.389082 33.539273 87.882104 3.901233
6.407081 12.900204 42.997872 5.654363 165.036861 41.691978 -75.265111
6.884288 12.638901 43.085822 15.450576 233.427496 57.851292 -120.249957
6.387754 13.030587 42.614666 3.662615 145.650492 24.109166 -154.958766
6.889224 12.906207 42.947049 12.982421 152.264949 51.089314 -61.049648
6.692139 13.029439 42.797767 7.988949 141.117265 77.189728 27.069770
6.231409 13.044624 42.764568 17.271390 357.585849 52.595763 -125.374947
7.267801 13.000490 42.632948 5.941386 357.553137 37.407036 -56.712335
6.513784 13.202074 42.964260 6.678470 135.167362 36.863263 95.063115
6.491123 13.228255 42.816423 9.475235 168.647483 57.270429 -79.782678
6.347211 13.081313 42.863903 14.543061 206.924816 26.273217 48.484864
6.058164 13.257367 42.956651 9.616719 121.872599 52.836321 154.858651
6.218219 13.203056 42.629801 10.054432 132.119262 58.891028 -94.627380
5.980683 13.114734 42.871243 7.492881 119.282262 84.384019 158.110220
6.504419 13.160109 42.746083 3.339222 314.288824 43.831034 -93.202700
6.715065 13.303311 42.833284 7.485144 64.431029 72.011323 52.846281
6.924367 12.632925 42.930180 5.033582 147.153058 41.306220 68.295036
6.809617 12.830244 42.934680 4.975383 168.547058 54.959538 -165.821989
6.687987 13.183295 42.629033 13.918350 343.176608 49.665925 -124.018979
6.875884 13.148778 42.949505 14.837674 234.779359 54.889025 118.649172
6.801360 12.987897 42.842447 6.583728 143.504302 48.930081 -124.989953
6.668105 13.066745 42.743801 10.780337 114.305724 88.126202 -151.508549
6.237823 12.968995 42.700995 13.612034 331.958225 39.278758 -75.335797
6.588151 12.742671 42.760483 15.653799 21.314793 15.212711 95.676324
6.543904 13.111639 42.920166 8.162022 174.289195 47.320609 -71.273113
6.397851 13.235167 42.744013 7.717874 160.627979 29.500981 91.440021
7.007734 13.501014 42.584798 19.006724 158.911347 53.243019 -93.783646
6.477264 13.046887 42.944743 11.747479 168.651715 37.902400 52.842692
5.924312 13.188446 42.875765 11.816791 155.134764 29.055192 99.595132
6.278890 13.312076 42.910454 5.291103 175.480026 28.597736 114.420538
6.674448 13.319983 42.833181 3.782484 175.263983 34.719625 73.814954
6.335741 13.073175 42.840333 9.944020 116.173072 44.197541 -131.489254
6.723510 12.817278 42.931022 18.140674 346.033021 37.775115 -56.408594
6.917787 12.593930 42.943834 7.172078 356.153666 24.002547 -58.792049
7.353059 12.299096 42.557639 9.050400 271.567225 37.176866 -46.840499
6.680627 13.224410 43.018404 15.178736 162.092487 37.189084 110.511219
6.281925 13.337315 42.962123 11.825492 136.287515 39.843199 55.397752
6.963304 12.926786 43.277049 11.158306 297.173572 49.151248 17.976030
5.860162 13.208079 42.857416 17.529343 167.584625 32.978357 118.721971
6.102261 13.171635 42.797532 9.509134 325.130855 12.197992 114.521480
6.847996 13.445940 42.858111 3.301381 61.601056 10.758418 104.191511
6.912394 13.650454 42.854693 13.848136 123.697392 86.557271 125.070859
6.182251 13.211196 42.921572 2.596133 160.457029 41.118411 47.662567
6.284704 13.193674 42.779296 11.547939 252.211745 65.510528 -14.064022
6.140927 13.064860 42.807490 10.988857 329.014805 35.563906 -108.466867
6.444142 13.113859 42.776054 7.918215 142.803273 51.961824 -104.938048
7.103601 13.348520 42.776032 7.422111 329.115943 59.115802 -91.332810
6.212034 13.142051 42.776342 13.045462 127.281240 42.334824 -134.267787
6.289972 13.069936 42.938733 8.382859 34.695134 84.572865 143.242063
6.672600 13.257842 42.773097 12.701906 325.744556 65.064869 22.165239
6.299432 13.007761 42.916374 8.076712 136.050719 54.132864 -68.834756
6.405969 12.894726 42.698525 14.110068 117.140424 83.976833 -62.256724
6.626315 13.063318 42.866541 13.819147 138.649728 59.841195 -111.394933
6.308658 12.985836 42.858277 9.303754 350.131915 68.791038 -114.953452
6.430217 13.337427 42.798565 16.226225 150.208206 22.135961 84.512160
6.694903 13.192673 42.775449 20.566059 170.507308 24.384825 126.348930
6.100353 13.258743 42.821380 5.176804 175.290573 35.155065 121.672142
7.126195 13.005128 42.704365 11.790262 352.507697 49.736667 40.739958
6.551692 12.845542 42.637174 8.784622 73.789286 44.151755 -20.263920
6.319690 13.337388 42.938258 16.170295 165.069518 66.409135 -58.638516
6.555395 12.981159 43.047644 3.693803 134.400225 48.768392 119.259928
6.614254 13.356123 42.863946 8.755872 154.289236 29.252188 66.984454
5.661672 13.168104 42.811352 8.114618 152.675736 80.733277 -153.644736
6.699986 13.028747 42.720763 8.032931 329.786497 58.511267 -62.240858
6.660723 13.434759 42.516567 13.525636 162.004651 21.811449 95.582789
6.220754 12.944644 42.858474 8.169152 136.447687 43.203836 -52.356275
6.361387 13.040621 42.692909 14.349725 355.914493 22.981541 -119.167795
6.593481 13.115920 42.746762 9.349378 12.172234 53.154232 -37.142591
6.118539 13.153948 42.934433 9.338674 167.577335 29.968009 114.177564
6.743505 13.308738 42.839871 7.200833 305.564841 69.363173 -145.131928
6.558157 12.929180 42.698476 12.901778 141.110099 74.710605 -81.492076
7.182559 13.612972 42.309927 13.546142 10.937052 44.717639 -89.816834
7.052764 13.132700 42.832900 9.690157 132.014116 21.722097 -89.371289
6.831031 13.770763 42.530065 3.991955 141.480032 12.204072 48.126654
6.349538 13.012975 42.845969 17.880128 5.599739 55.596056 -43.136708
6.769248 12.939947 42.719816 10.377022 200.721080 37.109004 31.575071
6.268198 13.233128 42.880618 8.652042 322.663645 41.789226 -85.410174
6.392159 13.187550 42.932306 16.620147 117.502995 21.677032 -53.331848
6.471191 13.193157 42.933581 18.133484 148.094544 37.928917 126.141685
6.562252 13.015908 42.826264 18.689554 299.339207 41.159574 -73.729944
6.619538 12.888380 42.865330 2.862987 333.640821 28.886802 -91.243526
5.878492 13.148834 42.803380 12.907472 283.295898 53.594877 91.976252
6.247681 13.043683 42.818232 7.109816 345.478048 67.189425 32.622361
6.655981 13.125743 42.900789 4.106295 160.299956 40.694765 -126.057236
6.545271 13.141385 42.846423 8.060922 140.382908 29.742947 -53.389928
6.004196 13.062620 42.770260 7.352216 339.234432 73.396371 -56.352885
6.722058 13.362877 43.033638 12.006852 255.792610 15.879422 84.380380
6.281275 13.230134 42.911203 17.810743 64.558905 89.110077 -55.421323
6.633121 13.121710 42.913688 8.215785 138.748836 33.343332 112.199247
6.888922 12.949862 43.048510 16.839749 337.391901 50.200379 -54.675826
6.443245 13.431269 42.750986 5.286065 178.258465 32.535697 107.725872
6.366410 13.066631 42.943748 13.379479 143.256771 53.459060 -112.544970
7.064786 13.270684 42.925657 9.869568 317.583071 40.368818 37.210075
6.722291 13.202621 42.725018 22.661305 112.455845 72.792747 -92.647073
6.689263 13.095286 42.824600 4.974103 175.357873 42.691993 -127.114330
5.945808 12.932248 42.886186 5.092533 177.044240 51.368140 -111.635771
6.805598 13.413003 42.916525 17.218661 143.288214 21.701712 63.266225
6.211102 13.381028 42.734582 3.146836 43.009113 47.888985 -15.598457
6.513137 13.268587 42.637061 22.258128 166.950584 47.441752 -113.989690
6.347976 13.420469 42.838669 17.131360 78.859990 58.036135 145.333306
6.900068 12.852249 42.405061 13.148698 47.209686 40.490636 -52.210104
6.051199 13.172368 42.738449 9.929367 228.175025 46.560458 118.006023
6.366029 12.883238 42.652126 16.025814 316.475632 30.904213 -100.745508
6.424776 13.096840 42.690701 8.987695 316.319505 50.086952 1.200117
6.651345 13.263879 43.003438 6.319208 150.842608 20.226413 63.082239
6.120498 13.140443 42.854440 12.765591 175.250925 39.355361 70.705159
6.391650 13.198669 42.984665 13.614499 163.676206 58.941182 -125.695806
6.272666 13.074891 43.009159 2.439234 60.846228 33.368268 6.310041
6.429571 13.106806 42.953537 12.766899 173.480365 22.999174 65.770081
6.304598 13.130660 42.754561 10.749558 103.754007 41.412839 -53.580281
6.302198 13.165454 42.891881 2.584408 176.275814 13.324075 -128.755078
6.124628 12.936195 42.782281 11.466536 168.669033 40.123299 -94.711193
6.524287 13.230096 42.871114 10.521965 84.209663 85.262807 -8.052407
6.698721 12.832841 42.855751 7.084530 100.740006 63.792859 -177.151509
6.490157 13.248115 42.893604 8.317568 96.078118 40.816830 134.626309
6.483375 12.912839 42.868071 6.340475 339.888778 24.285139 -101.299251
6.586915 12.903886 42.886770 6.271804 332.887431 31.418503 -55.590455
6.784533 13.633444 42.605381 5.920383 351.328480 53.117812 137.058494
6.642599 13.350105 42.712505 3.836516 120.577311 38.022610 -65.292955
6.035317 13.048259 42.863747 11.642274 283.583306 75.829885 173.607430
6.404602 12.768976 42.767275 5.781685 329.087950 22.766603 -112.294761
6.447222 13.089782 42.814316 4.030030 112.720103 73.357321 -133.071007
6.610930 13.401760 42.784665 10.749765 137.710789 71.240517 -9.410368
6.455281 13.194818 42.818423 6.223800 94.111790 42.955199 65.166243
6.303384 13.071051 42.896407 8.853629 142.804119 34.967612 103.092828
6.203349 13.308022 42.964781 5.002689 169.450415 34.841555 123.771154
6.523758 13.028364 42.900232 11.349430 296.720972 64.018896 -107.488397
6.427979 13.198008 42.742819 12.293608 111.965029 41.788457 -115.823932
6.561229 13.071392 42.789823 13.116096 23.959427 27.523137 121.232236
6.763845 13.169521 42.730405 12.097109 354.176038 47.429120 -80.747435
6.357279 12.954263 42.667362 6.778632 147.379151 88.296774 -114.603038
6.815783 13.096903 42.873818 7.966106 132.453472 46.701510 -149.677587
7.065860 12.493270 42.753396 15.352875 65.703060 71.320273 80.438333
6.264397 13.137023 42.739280 9.621813 200.949658 61.421729 -68.900019
6.406032 13.410016 42.757658 15.091519 261.543394 74.883886 -31.174936
6.469252 13.143078 42.671758 12.626028 175.562620 20.479403 -127.827227
6.773215 13.374217 43.070933 15.402801 51.431739 42.360625 -89.370078
6.625090 12.843614 42.641248 12.613205 312.078581 36.145180 -58.117857
6.695258 12.732958 42.915406 9.961852 14.857783 61.643839 47.785363
6.351387 12.989275 42.881374 6.305004 141.182688 86.638502 -20.613882
6.372895 13.264923 42.842586 20.247844 166.749152 25.886074 109.503291
6.372219 12.783044 42.772386 5.174785 319.233328 31.702807 -119.761391
6.718684 13.131624 42.766184 12.322876 308.910494 47.336149 -58.633496
6.722953 12.932277 42.843985 7.998070 190.124752 46.235926 -42.351052
5.993540 12.973987 42.937240 12.359811 137.869045 35.640452 109.130534
6.326182 13.204756 42.827251 3.035096 138.567336 43.945235 -130.904066
6.676422 13.083924 42.859624 7.315119 162.797370 55.724940 -47.808134
6.861712 13.130394 43.209714 5.265441 358.370768 28.038476 -109.418630
6.347467 13.188762 42.910110 19.223219 356.633249 37.391316 38.521696
6.382261 13.268708 43.034803 15.896765 129.438611 66.412759 158.441543
7.308297 13.389507 42.528704 7.701150 178.637343 23.228066 90.410809
6.790182 13.001968 42.894614 13.333018 153.497433 47.161656 -75.659245
6.506670 12.960147 42.863736 9.849880 354.489252 23.862945 -117.550510
6.555325 13.288922 42.885244 17.413368 278.543344 75.999500 131.681656
7.115436 13.276878 42.510810 8.784028 99.356120 75.818138 136.225110
6.426388 13.140021 42.611380 15.831675 29.020970 59.385472 104.218310
6.373960 13.159394 42.846281 13.407444 145.251940 35.959936 -99.040278
6.220335 13.135077 42.703814 15.411118 141.891756 38.869915 -111.793391
6.582356 12.927141 43.115839 15.110873 202.069467 48.932954 79.326319
6.795565 13.168646 42.754039 5.990533 41.231685 56.096957 -126.585522
6.100709 13.105514 42.824015 2.797438 135.140859 42.436713 -79.446360
6.743230 13.288344 43.191299 15.117664 176.063588 59.050601 132.832779
7.143418 12.810134 43.140872 13.174477 315.437713 45.151784 -131.566121
6.239443 13.032437 42.731360 12.346748 156.902241 44.790747 -129.121129
6.625605 13.111536 42.809129 7.634209 152.340386 37.058879 -106.465301
6.716953 12.884963 42.903523 5.496717 129.910704 82.437101 -177.114319
6.613397 12.909005 42.863505 10.325774 198.600219 57.944356 90.643782
6.945451 12.818860 43.224841 5.560310 112.493573 54.345459 -127.330565
6.736314 12.851863 42.905832 4.366109 174.482198 30.533834 49.411440
6.204696 12.891133 42.741993 11.434530 177.483375 49.388424 -129.242365
6.933737 12.661532 42.741963 13.894841 298.748720 51.087612 73.963913
6.655083 13.165297 42.874919 3.506979 154.978402 38.609205 133.740208
7.006177 13.256540 43.222381 17.351714 338.725643 45.991519 115.307223
7.056708 13.467251 43.399302 25.086684 200.413591 24.031079 4.323595
6.628294 13.393633 42.573231 18.254117 110.106885 34.194920 151.188004
6.886861 13.160544 43.068689 12.571866 109.398956 56.562266 112.532413
6.249098 13.106478 42.953626 7.138899 153.454674 29.857767 108.363196
6.754488 13.406058 42.785846 3.609457 174.444184 31.622014 97.938097
6.384214 13.241881 42.945538 6.385682 116.625363 40.629608 105.113706
6.270367 13.168010 42.788705 15.187643 143.504016 25.875135 -121.052484
6.113986 13.214133 42.718145 12.474121 143.235723 42.709211 -91.974382
7.143328 13.018409 42.836831 10.730418 146.376259 69.628090 -89.684573
6.481943 13.041775 43.010748 11.849151 137.057240 58.652518 -98.739017
6.640632 13.045118 42.961252 8.927423 136.209563 45.431464 -131.105217
6.761620 13.178223 43.004209 11.574622 232.385646 49.357363 81.098161
6.902619 13.096849 42.781591 3.514576 330.214733 28.079052 -63.257347
6.322505 13.221390 42.815398 8.878419 107.794276 54.415142 -55.168639
6.368505 13.225695 42.715874 12.999036 29.801435 52.266091 90.958935
7.002299 13.453446 42.982764 27.503050 150.738899 48.735878 96.831880
6.459437 13.162076 42.889372 8.552554 62.775511 26.057217 70.484874
6.534677 13.007489 42.810392 13.278193 151.582029 42.431050 -45.477952
6.241037 13.063679 42.832054 8.910583 90.778715 44.928968 -90.655405
6.433911 13.404131 42.887024 7.392943 67.999324 83.331982 12.360488
6.084575 13.033865 42.916786 11.229744 144.246988 84.510188 -164.336851
6.834950 13.384710 43.071548 7.093002 178.368157 23.972011 99.288196
6.467902 13.127611 42.881660 13.818909 353.951318 32.757984 -112.250756
6.613027 13.217437 42.972441 10.742623 174.575627 29.138863 78.643980
6.391753 13.153276 42.836062 16.217899 148.497243 69.946198 -49.358055
6.424105 13.140986 42.649069 15.102929 284.003304 33.923040 143.471852
6.075088 13.129468 42.815286 2.973163 310.776366 71.203471 -136.499457
6.457272 13.023069 42.838531 18.923374 330.065189 23.382231 -128.295215
6.370517 12.993055 42.942273 12.966481 141.485104 64.980422 -78.189494
6.418635 12.972880 42.859556 15.866327 345.527316 20.522455 -111.521479
6.803842 12.992688 43.048572 11.747518 172.710967 50.776637 -98.439989
6.095532 12.862289 42.845971 3.648413 327.237319 78.243914 -115.763861
6.926227 13.122313 42.693469 11.215801 9.936919 81.966335 -162.702668
6.584184 13.320099 42.965023 10.207072 137.693283 28.779866 121.184005
6.540651 13.422285 42.766278 8.717433 157.263674 32.881786 114.367080
6.997449 12.936296 43.113406 11.836751 44.538828 82.207572 17.262396
6.159509 13.074933 42.892391 10.289885 71.306794 46.419019 -77.248753
7.315112 12.503863 42.597358 15.118488 128.183772 28.222229 -22.236230
6.404235 13.201082 42.862887 14.852256 269.183621 43.207872 76.526310
6.189932 13.227637 42.835938 12.431759 325.324737 57.292266 -65.667660
7.392967 14.223751 42.739205 19.799993 204.533576 53.611393 110.973518
6.447808 13.371985 42.888703 6.376839 47.332483 81.672270 17.754393
6.718957 13.065956 42.872035 6.373659 347.344744 46.959530 -97.350047
6.047641 13.223593 42.808270 15.998137 147.246103 29.542388 85.377849
6.007016 13.220862 42.833029 2.563716 179.439604 35.977646 127.126275
6.587636 13.092089 42.760826 16.136197 325.954213 44.468629 -106.437258
6.286304 12.917318 42.983932 18.392987 94.881360 56.665410 -125.043232
6.166246 13.204717 42.806100 13.345595 148.348802 42.506301 -122.832284
6.753730 12.995140 42.869422 3.910067 32.134191 40.283637 -121.251749
6.442570 13.051209 42.902610 11.522644 157.229286 50.729563 -72.852431
6.379925 13.130499 42.515573 10.398640 149.583488 33.839378 -126.605379
6.168875 13.024823 42.851779 11.948079 164.089465 53.761450 -89.064425
6.129958 12.961477 42.762999 5.590003 357.950980 38.920115 -104.043614
6.393909 13.059190 42.874698 5.429075 59.194059 48.460854 -113.961919
6.631968 13.297806 42.849201 9.456952 139.168676 38.428542 75.783705
6.403763 12.901100 42.819930 3.489167 331.141356 54.884743 -13.932289
5.860457 13.013022 42.784553 13.699170 109.040004 28.084600 -1.441495
6.433021 13.323178 42.793122 8.025518 309.302902 40.098102 -89.935003
6.726066 13.038034 42.594353 3.892841 355.645957 29.820846 -126.539928
7.087676 12.927177 42.947126 13.143112 50.075988 39.152026 163.758354
6.924693 13.287921 42.655023 6.379104 294.362422 76.020253 20.596544
6.614201 13.168666 42.791362 15.166799 156.783866 33.125011 128.991494
5.906461 13.090334 42.800017 7.724424 162.128158 82.393348 -152.457045
6.830718 12.692608 42.976606 12.019894 215.964933 39.620102 -31.775263
6.656739 13.207133 42.959524 13.894798 157.644264 29.467822 91.963501
6.428929 13.080844 42.805258 7.797172 326.464345 54.302824 -81.038914
6.944835 13.405147 42.963757 6.901838 162.378485 33.229994 114.815617
6.407068 13.217310 42.919934 15.147340 143.358327 21.069403 130.973461
6.147675 13.092996 42.835569 12.247261 9.309887 46.229933 48.794260
6.416876 13.238443 42.814477 12.078903 124.929747 37.023827 -115.441199
6.009793 13.147547 42.686351 12.243147 163.279435 23.818888 85.369322
6.777692 13.313303 42.745336 9.480021 142.965477 28.272625 53.507920
6.508974 13.317079 42.861126 19.776919 140.246272 50.491172 -110.570965
6.540184 13.348113 42.898057 5.052129 104.915137 53.552021 132.188947
6.566807 12.770467 42.909993 5.630073 342.815459 32.997469 -102.775730
6.716427 13.090383 42.860191 4.978739 20.178562 51.164319 -121.849595
6.030029 13.328973 42.842142 9.858929 103.700781 86.446791 10.106258
6.217839 13.334728 42.871136 7.674500 358.350400 62.970000 -61.859210
6.301472 13.127424 42.877089 10.602993 155.725310 39.966049 107.744791
6.978831 12.659370 43.130926 11.527641 161.025911 83.522015 29.705457
6.751873 13.444685 42.766038 3.724507 149.756291 22.815276 110.533833
6.395139 13.135773 42.839829 17.416032 77.050401 81.577299 -36.195106
6.824548 13.140009 42.903400 15.449581 134.691992 80.969903 45.123576
6.291907 12.944267 42.967071 15.077928 146.956499 81.063682 -9.849240
6.679057 13.516568 42.597370 8.429044 117.491909 64.802993 -164.109156
6.599441 13.130243 42.767212 14.535070 149.663034 27.756952 79.000789
6.370892 13.065581 42.832000 11.437280 343.633160 32.138992 -119.422430
6.645337 13.310146 42.814512 9.256692 208.884153 68.512387 73.700221
6.723225 12.990845 42.707170 12.049599 321.091205 50.827892 -81.161420
6.748943 13.185112 42.988139 6.405118 234.462489 21.690495 -108.088919
6.014915 13.043489 42.845181 12.376324 136.121341 81.585937 175.166716
6.586623 13.071688 42.830492 7.870721 145.080918 48.650034 -83.311959
6.829125 13.306410 42.749286 10.834904 148.468832 32.356719 61.508789
6.319214 13.030336 42.983601 12.395942 330.432225 42.753007 -11.259653
6.432171 13.142448 42.938780 11.486482 92.451195 53.268225 -87.619257
6.240518 13.109553 42.713173 7.326704 168.327743 29.406011 113.789649
6.276063 12.993945 42.800819 5.575519 6.125940 57.797231 128.842583
6.863932 13.243899 42.863539 10.153303 175.715844 28.290226 131.855910
6.315529 13.321613 42.889412 10.326079 160.003703 30.347693 127.930151
7.040125 12.573251 42.412466 20.873468 215.755768 14.417495 41.296388
