6.661541 13.300232 42.680021 7.650540 139.594595 56.269056 -111.608703
6.214263 13.211776 42.787912 15.827930 143.709561 81.574278 -156.842676
6.405180 13.308559 42.762871 17.327489 142.852859 34.800796 95.649699
6.646889 13.451773 42.776064 7.486462 141.406090 45.209783 98.097820
5.870134 13.088013 42.867525 10.610243 255.234906 63.666160 -167.683638
6.318549 13.009684 42.991774 8.789781 148.316568 35.904932 115.131487
6.542052 13.190243 42.792552 7.612285 152.547114 38.188143 55.711252
6.538020 13.023933 42.801222 12.010281 317.966720 23.768987 -128.341022
6.459149 13.329935 42.828000 13.378651 194.609409 31.771355 7.809613
6.364164 13.080296 42.881962 11.381118 156.078940 56.187068 -85.192942
6.050583 13.117585 42.826419 13.775532 109.937867 43.145075 -88.380877
5.775487 13.041916 42.853897 10.754016 154.542000 52.012127 -132.544382
6.433535 12.904566 42.769410 10.844827 349.408208 44.541535 -46.038767
6.559097 12.894455 42.728649 11.506373 171.705498 42.114653 -110.171089
6.804406 13.048969 42.991781 22.347678 336.347534 74.865455 -124.479578
6.383429 13.120077 42.727548 8.146555 176.164014 56.875779 -48.892718
6.194535 13.140275 42.697106 17.376704 83.630829 75.776788 -34.154955
6.322693 12.943310 42.750710 10.223095 171.172750 43.819850 -51.250478
6.725147 13.452863 42.736269 12.919315 178.713990 49.414628 85.148781
6.013852 13.120822 42.895297 6.951301 90.375030 54.850592 -93.962027
6.596199 12.861283 42.803285 17.940705 149.258588 58.126772 -57.084829
6.578594 12.948139 42.830358 8.274919 145.119021 41.265530 -53.123059
6.167103 13.150507 42.764708 8.479187 174.027477 37.366090 88.388635
6.878494 13.435959 42.845657 5.957124 334.525953 70.580379 -174.805399
6.786226 13.129953 42.659419 4.747766 125.283606 53.332852 -109.468247
6.502754 13.090887 42.716726 9.058169 163.303444 51.084596 106.155375
6.585424 13.243011 42.624940 7.733562 156.795814 42.874029 -79.818426
6.503168 13.091152 42.734380 17.248228 162.716795 43.060916 -64.134328
6.041745 13.032473 42.933723 3.283704 330.383971 35.784404 -120.800855
6.815694 12.843865 42.704367 8.211796 29.626481 40.546650 -61.420625
6.277191 13.097042 42.694077 7.818174 101.624703 61.966964 -9.789065
6.448813 12.971191 42.784779 8.013674 211.405022 65.790246 -95.356652
6.689803 12.992319 42.912502 5.248732 155.443237 25.079668 20.770472
6.005879 13.232919 42.863156 13.858773 162.133097 42.537610 -121.405269
6.427137 12.884089 42.781293 13.369119 325.042463 26.324049 -67.350975
7.065402 12.597556 42.648675 24.110599 340.838301 45.161850 -125.129075
6.852050 13.037181 42.711326 4.884897 131.916930 26.817632 -92.443353
6.876163 13.071108 43.218297 14.830613 163.762108 31.950400 84.156284
6.587539 13.222468 42.837813 10.929094 143.311567 41.302920 -96.913239
6.638708 12.585092 42.891496 12.306182 340.407937 21.693034 -47.478725
6.026588 13.153338 42.773773 6.331006 321.680135 44.992046 -98.158506
6.624403 13.370208 42.777602 6.282171 177.602976 25.551371 46.426783
6.494953 13.008121 42.823427 14.149852 276.091098 23.323447 -75.946912
6.224772 13.095368 42.872488 8.103360 324.296365 22.692655 -67.022977
6.568527 13.009208 42.864242 9.049934 349.868304 35.149057 -115.512651
6.408733 12.812446 42.966580 6.627495 165.544921 85.110839 -25.425831
6.614098 13.454518 42.869272 14.434251 176.620782 84.456871 176.551653
6.406484 13.221050 42.897007 4.322709 109.219119 80.853183 -172.892320
6.434575 13.208028 42.919760 5.336830 163.574402 21.698749 52.985939
6.432810 13.190078 42.825616 18.948376 146.172541 24.321697 103.434638
6.834839 12.873080 42.569179 11.086851 34.950890 79.124001 75.983989
6.402954 13.196258 42.772932 16.540155 137.675946 29.132204 118.498786
6.670097 12.963024 43.003570 8.553837 131.695008 58.776557 -85.785801
5.936412 13.092526 42.739788 12.305893 240.578251 37.680066 59.196306
6.816335 13.145087 42.913657 11.005808 72.604155 87.160937 -35.858529
6.760283 12.856026 42.778611 14.996625 96.587830 24.889933 130.564561
6.678212 12.899272 43.004223 15.024065 172.146665 56.416903 -57.531579
6.047204 13.147152 42.928303 11.377042 279.349021 20.180340 65.646628
6.630291 13.055616 42.858960 4.690177 285.622735 38.570554 -67.174303
6.440756 13.297078 42.732010 17.406824 175.900171 44.685537 -95.390761
6.490122 13.515288 42.976977 8.653889 168.573052 47.520117 95.042859
6.500197 13.191756 42.816322 6.725528 147.843183 43.982571 -102.785081
6.588846 13.129900 42.836198 3.307825 152.320188 28.627122 54.300093
6.355457 13.016860 43.030671 10.415300 145.397449 58.657066 -110.434842
6.119684 13.187085 43.020139 6.698337 127.787705 47.575728 99.902955
6.524588 12.835983 42.787577 4.288021 358.577989 72.005472 -91.976985
5.970686 13.256883 42.936366 2.553334 176.283190 26.251498 126.678087
6.329195 13.044598 42.803674 3.206754 169.640743 42.972761 -127.800082
6.714237 13.193644 42.903870 10.583038 172.444687 34.893904 121.125859
6.175014 13.229398 42.799516 10.628853 318.627099 66.908283 -54.950605
6.359124 13.123058 42.864376 12.225470 318.179930 64.797995 -128.891668
6.384195 13.299657 42.576400 8.966998 164.776965 43.142640 -118.197670
6.879198 13.012911 42.746469 8.278661 330.980191 20.907719 -118.599184
6.635441 12.930002 42.873058 5.787307 21.543512 54.782949 -111.790855
6.663130 13.001620 42.602620 5.012392 331.502361 22.939465 -74.190935
6.124510 13.249032 42.894662 12.096204 183.931899 78.277426 -33.531532
6.198915 13.105953 42.835535 15.911279 320.749506 26.364114 -68.303561
6.510890 13.190472 42.896919 11.186771 358.242179 74.294536 154.138642
6.232809 13.080614 42.714219 3.919469 50.827304 88.350327 158.409499
5.973947 13.186214 42.725244 7.381666 82.392582 55.490959 178.851045
6.535716 12.708398 42.754437 15.593761 326.867307 31.865798 -133.963383
6.292072 13.057269 42.928551 5.773569 90.607821 72.341900 148.183724
6.494395 13.238930 42.814669 19.347387 171.803014 32.758555 132.486223
6.717383 12.969404 43.095460 14.512451 177.516443 45.137882 -46.671706
6.712579 13.190991 43.019583 12.740028 303.108453 49.972669 -97.952547
6.413969 13.307980 42.770103 6.268289 166.756382 49.434180 -116.622756
6.181186 13.123066 42.937544 23.674129 145.815715 40.200427 -99.615426
6.429835 13.105366 42.972327 6.115045 147.683918 33.453323 54.786749
6.812232 12.809274 42.866208 9.776665 341.277658 38.012133 115.511153
7.342335 13.574585 42.844740 9.639279 359.188970 77.094775 110.484188
6.680316 13.380081 43.325634 15.982588 138.852116 86.892419 -161.125872
6.368188 13.155874 42.761736 14.127917 182.627531 24.922293 107.165289
6.301713 13.206772 42.815652 14.501612 151.598649 45.865518 -60.265016
5.801088 13.110856 42.842928 10.185495 175.107413 32.068879 120.964432
5.802673 13.162014 42.756161 2.451630 148.483592 38.816973 70.782021
6.064550 13.028243 42.751500 14.069795 150.868503 43.282523 -113.146019
6.313918 12.971946 42.703631 5.523019 55.746671 47.409343 114.397288
6.899196 13.206546 43.001517 10.324738 265.717055 44.050483 -45.753930
5.976504 12.942110 42.800019 10.862382 353.632094 34.197434 -129.613537
6.046981 13.169580 42.774932 10.684258 156.083039 59.632436 98.919124
6.655651 13.050535 43.022539 16.393101 135.356591 49.136676 -129.776136
6.505627 12.961088 42.845835 14.794959 326.585664 54.060314 -127.561828
6.225147 13.236983 42.812429 9.375226 158.660141 33.854954 51.270232
6.983334 13.589680 43.031831 12.176347 312.380076 79.426658 -17.036797
6.528189 13.292621 42.880594 9.082822 163.534228 32.677876 52.759341
7.063020 13.843821 42.895136 13.282902 172.593548 46.788950 95.645303
6.404413 13.091713 42.845418 21.658070 172.865561 43.378099 -45.266542
6.571300 13.258371 42.722809 11.098492 128.093572 44.308131 -87.808102
6.336083 12.926702 42.918091 8.776452 169.569812 48.566711 -68.727490
6.836865 13.393922 43.051100 12.707699 322.554020 36.862065 -61.215759
6.283850 12.952413 42.885336 14.898432 26.003015 88.199541 -11.044112
6.301800 13.065289 42.759919 11.389245 157.520688 51.791310 -49.120790
6.189373 13.148659 42.892594 11.509496 142.633064 66.878153 -64.420651
6.372251 13.415495 42.771510 11.345622 156.255788 20.258204 60.558854
6.606851 13.002018 42.758025 9.216287 150.087513 88.616315 -118.260312
6.207912 13.133254 42.915155 11.912722 353.622457 44.178367 -83.796051
6.363131 13.002253 42.672553 5.038949 149.721120 42.841152 -130.698403
6.963472 13.343979 42.699293 5.766895 294.042394 56.295921 -91.880703
6.808649 13.079004 42.797951 5.790333 124.471842 87.603727 -73.617499
6.411613 13.184081 42.650472 13.696028 135.867514 59.092716 -131.765079
6.668199 13.012649 42.951459 14.215863 153.355395 27.533809 -132.673272
6.416583 12.825269 42.804560 11.091357 155.290091 58.701923 -77.962973
6.822495 12.953782 42.954876 9.107311 164.778648 57.479319 -124.465259
5.986812 13.020502 42.739354 12.734398 161.782274 40.347368 -127.736328
6.682619 13.140922 43.204278 10.574632 169.617208 36.854445 110.794258
6.602733 13.170037 42.890326 12.782532 146.442121 57.542426 -77.506628
6.631418 13.160190 42.898353 8.601500 145.427191 26.353751 83.400891
6.849618 13.055606 42.861029 20.775985 166.630022 47.290122 -53.468076
7.355963 14.371502 43.485713 10.174126 63.237956 80.392992 -158.684604
5.974464 13.044852 42.791209 11.999494 328.718505 21.338534 -62.521030
7.036390 12.768920 43.012591 4.656612 336.201769 35.927654 -104.620399
6.638633 13.266651 42.852212 15.487772 150.018968 30.958903 90.916895
6.822452 13.220519 42.779301 18.225400 145.192831 21.394359 48.685209
6.256360 13.192677 42.780308 6.386412 149.874063 36.160215 109.852101
6.470492 12.898900 42.704067 13.157734 316.697931 22.493234 -99.145049
6.489483 12.991011 42.967186 7.471162 164.146002 55.192241 -46.450022
6.291616 13.107918 42.792708 14.363325 109.712286 47.948610 -147.816586
6.605517 13.151352 42.699318 8.439977 260.737864 50.249660 -59.145908
6.256655 13.112214 42.947499 9.584640 62.474761 80.057729 -157.564660
5.526516 13.125519 42.766791 12.002960 228.376771 47.531244 100.843536
6.584461 13.061075 43.032403 8.570728 164.155387 31.830556 125.859208
6.813148 13.306170 42.773507 14.846033 153.219910 36.941003 104.031390
6.265401 13.231168 42.699734 11.907023 155.027553 22.862367 47.756151
6.232173 13.064208 42.900291 9.915922 144.083171 40.306259 -121.559002
6.701625 12.770710 42.800293 6.566682 35.423485 50.181796 -119.930316
6.682250 13.216488 42.781585 9.768621 232.070820 46.174713 130.713278
6.488456 12.941650 42.814470 4.595647 178.676782 45.607919 -106.734699
6.841669 12.982995 42.834346 5.272207 139.278890 40.110738 -65.413127
6.170529 13.101744 42.803716 11.708396 179.137731 46.183926 -78.298298
6.203418 13.114739 42.646844 4.448784 161.937685 40.398029 -86.246668
5.809402 13.066015 42.889623 10.538557 86.324742 63.485763 -173.033762
5.975846 13.162295 42.823624 15.569839 64.537466 57.763165 67.949637
6.378977 13.284498 42.870343 5.160229 155.543606 21.562337 130.228297
6.463170 13.071456 42.887607 4.564682 178.416157 51.833245 -102.325339
5.900143 13.193829 42.782214 13.246836 148.615901 11.803373 125.767566
6.473648 13.128704 42.685115 16.135375 160.096536 46.212845 -64.967164
6.406773 13.190486 42.689965 15.082787 135.575643 51.886878 -81.794918
6.597701 13.022653 42.912562 3.995289 140.987915 52.793919 -133.640350
7.264193 12.681684 42.514633 22.184975 225.967951 11.748440 -83.618585
6.411967 12.943085 42.700812 22.224345 148.961940 40.368984 -65.707432
6.510943 13.134316 42.796902 4.440392 121.205071 87.926176 -40.901176
6.781070 12.965830 42.822175 16.389940 16.004076 27.961242 88.670764
6.792458 13.162248 42.776852 10.677126 165.569791 48.438708 -77.188524
6.848331 13.230543 43.236335 14.555531 247.023323 59.645281 -66.471806
6.056585 13.199913 42.825624 5.367419 139.333472 37.053990 116.449636
6.539184 13.056342 42.816183 11.132573 144.237973 41.655883 106.115965
6.330102 13.011906 43.043876 3.058561 88.965167 35.667441 -104.815482
6.653965 13.294279 42.848988 17.003906 135.816799 23.031494 50.184882
6.486771 13.009117 42.868289 8.811066 161.050032 51.925496 -60.153693
6.468038 13.072189 42.491546 14.483498 142.740555 59.103108 -92.714992
6.768403 12.739485 42.810877 15.477059 213.548961 20.012390 -4.741012
6.665124 13.131340 42.813559 10.167193 150.581630 29.615020 50.101837
6.362323 12.957039 42.899535 3.547086 276.467646 61.393979 -146.013429
6.179314 13.100102 42.856554 8.600549 338.865101 50.522813 -73.184314
6.520536 13.088049 42.667610 3.273146 352.876087 40.477599 -26.874070
6.781284 13.047667 42.939113 6.058161 51.055691 84.992272 -177.605112
6.390567 13.249587 42.685860 12.223323 44.019440 53.782691 58.187290
5.995347 13.006337 42.819116 10.234383 344.529597 38.175071 -84.054814
6.776954 13.438641 42.616836 16.882881 257.317443 35.489365 106.930931
6.710095 12.953200 42.791371 11.297853 341.096646 28.810280 -59.524476
6.942095 13.265706 43.038320 10.637760 164.773999 34.118137 69.815561
6.609743 12.915263 42.936470 7.363857 274.077666 48.325278 -103.309635
6.747450 13.091418 42.640964 4.838154 111.050948 59.200759 -116.152992
6.427442 13.306901 42.848277 11.188764 91.600091 74.014188 -46.361973
6.633319 12.996794 42.675583 8.072109 331.943002 26.071683 -75.767438
6.232582 12.959433 42.837979 10.419106 116.608099 61.532290 -102.680211
6.158710 13.291075 42.828425 15.311943 145.666491 33.753329 95.352752
6.856813 12.817100 42.732633 8.970424 110.130839 57.204289 -85.474598
6.479260 13.262689 42.753637 11.190744 195.239627 42.571266 -56.498309
6.212482 13.072197 42.833368 4.192395 145.479428 50.444185 -100.079860
6.093805 13.091784 42.781929 13.796168 155.252302 26.403131 -84.618818
6.264194 13.093088 42.858826 14.147769 175.831871 74.016999 -46.280088
6.790425 13.143010 42.918944 15.040235 150.098543 58.073814 -51.379261
6.774753 13.298878 42.408680 10.728902 115.798330 59.675512 -123.613962
6.345606 13.106927 42.900739 4.833221 294.729840 76.814621 -64.250079
6.845478 13.109309 42.743504 5.466837 161.571006 26.042680 102.715303
6.889200 12.890145 42.631200 20.204707 166.614897 84.966994 139.684353
6.454360 13.136849 42.667696 14.951409 152.697102 57.621471 -123.437013
6.309157 13.159131 42.886799 15.412309 164.622965 56.485883 -92.792411
6.658057 13.117677 42.664621 4.490430 224.825401 59.976930 -126.047383
6.154413 12.979448 42.755607 10.178790 156.359895 57.885500 -88.158531
6.627802 13.299748 42.534701 9.301918 136.415386 58.763518 -131.314418
6.316924 13.143600 42.709467 12.110791 163.968669 23.840045 95.652451
6.536623 13.235152 42.615609 10.716455 179.777921 45.312872 -99.454748
6.939809 12.856109 42.978262 9.556375 91.206110 54.830492 -94.688215
6.413982 13.302481 42.842302 11.815907 141.320984 35.701814 106.724865
6.329893 13.069312 42.886147 4.345998 325.435898 43.807449 -112.697646
6.248330 13.229554 42.872639 10.468475 171.556394 42.685529 -88.473858
7.065163 13.513723 42.564225 5.099554 178.869304 39.524320 62.393217
6.735696 13.177498 42.750903 10.345206 268.911823 51.759536 -175.336349
6.770597 12.968542 42.996024 12.300213 146.435564 86.134991 -114.436909
6.350883 13.037709 42.817615 12.806748 356.473259 27.506022 -71.904057
6.575036 13.356525 42.819085 21.774215 40.071825 12.279312 63.493972
6.116629 13.236792 42.860109 6.763425 318.284888 57.888683 -50.679990
6.196779 13.160480 42.944054 6.957847 142.112485 21.833160 70.624548
6.092747 13.080577 42.797042 13.384582 149.612160 88.025664 -97.808306
6.816314 13.167400 42.970763 10.398446 122.885492 33.410583 91.378859
7.007029 13.328243 42.860946 14.515908 139.925893 36.274402 122.791313
6.557307 13.277591 42.905360 5.874074 151.327513 25.125603 68.572565
6.139708 13.249164 42.924247 9.324263 171.700457 34.385149 56.788838
6.997291 13.078396 43.328272 9.220830 292.810860 44.209224 93.024442
5.918789 13.114348 42.738021 6.873604 155.861299 42.877833 102.392741
6.401550 12.977660 42.855023 5.565657 159.195900 36.091055 -87.348386
6.575540 13.055980 42.736013 10.612232 351.349299 45.007799 -77.963259
6.727854 13.316652 42.792924 5.609929 143.098634 20.847403 62.324675
6.257004 13.113289 42.756076 9.682919 253.335752 17.668819 12.121468
7.222208 13.274558 42.809819 7.678252 41.687802 59.910397 124.631878
6.286982 13.009208 42.788108 12.872500 43.517520 30.300392 116.555313
6.619414 13.186487 42.653324 12.776873 314.045051 56.420084 -101.067670
6.117999 13.114635 42.894708 10.640672 32.965009 45.790098 -127.575380
6.675376 12.807703 42.621215 14.931275 344.939294 32.100463 -121.944168
6.289082 13.200071 42.913829 4.867196 253.148769 45.883539 127.050488
6.307987 13.077494 42.818412 10.919113 300.402781 43.070896 -97.325283
6.651597 13.223344 42.812053 16.727415 40.035399 35.299851 -30.903026
6.877673 12.856779 42.676582 15.680429 326.001474 48.871791 -106.207819
6.823048 13.341698 42.804476 17.983841 224.555379 32.887766 -38.934699
6.371673 13.151880 42.928126 14.471655 163.797529 29.231153 104.333708
6.215973 13.158320 42.888208 8.481557 178.168041 28.792758 71.259366
6.617486 13.126313 42.680160 6.816587 341.141939 22.647111 141.718406
6.625495 13.204995 42.649087 13.067419 131.693252 48.584578 -82.056323
6.753498 12.985873 42.743720 18.712224 318.449731 39.368359 -81.439362
6.284420 13.327619 42.859401 9.782804 136.789212 59.890546 -91.341099
6.734022 13.050294 42.902678 8.021510 122.283725 80.939740 -166.219479
6.369122 12.960635 42.779053 10.136425 3.383361 86.509893 -125.395715
6.359125 13.092550 42.914949 7.877075 162.081355 56.131125 -124.941492
6.638293 12.915007 42.946165 6.740094 277.293163 19.562957 -85.910489
6.545953 13.145054 42.873747 19.621866 156.059503 34.977614 112.789128
6.591352 13.143697 42.993007 6.199145 298.973234 18.578006 -58.303522
6.683792 13.369237 42.673574 10.020560 106.057548 49.215606 -111.855935
6.426617 13.222496 42.812398 11.699674 105.715050 39.095225 -76.858621
6.986252 13.473501 42.543503 3.040563 200.737939 20.055371 27.965394
6.655996 12.796697 42.796278 8.939890 278.037980 76.770802 5.389303
6.149434 13.035323 42.839515 17.343236 152.255179 46.829022 -111.693452
6.233938 13.146880 42.928590 10.112549 331.265078 44.322953 163.274812
7.145827 12.843096 42.242510 7.055757 91.736849 58.949181 -65.306400
6.765350 12.984604 42.741587 13.074612 156.944096 43.388587 -128.620996
6.456573 12.943532 42.834005 10.259315 151.798015 57.988230 -84.218999
6.574422 12.784167 42.729303 7.960913 339.395677 34.624446 126.587057
6.259382 13.290412 42.882682 6.752485 141.876151 33.626081 78.224808
6.593803 12.892857 42.857436 13.055387 204.993565 69.443282 151.581743
6.140544 13.049737 42.892440 18.688106 171.154266 37.675710 99.437983
6.456773 13.060513 42.695916 11.182695 287.639794 32.964791 -60.007605
7.412107 12.515412 43.241380 20.659745 178.330736 48.375605 -124.588388
6.519482 13.203555 42.845124 5.043031 149.106590 32.332419 48.193610
6.540827 12.935252 42.940108 10.684072 170.759571 54.298656 -71.497413
6.293071 13.397065 42.884220 14.391476 135.250651 23.478554 59.157327
6.169727 13.035044 42.883511 14.502635 178.229173 81.856429 -1.510687
6.500957 13.108646 42.858828 7.496020 172.112165 36.042304 132.958153
6.782378 13.286026 42.935734 17.085706 140.743237 26.039283 86.975540
6.205858 13.072729 42.836582 5.894190 354.252760 24.921638 -61.361567
6.553839 12.960494 42.958691 4.046142 300.190934 52.436303 -120.400493
7.066584 12.471633 42.781066 5.798123 199.527734 48.041784 -98.156924
6.922753 13.038713 42.733775 11.698422 335.420761 45.375746 33.209188
6.738349 12.967480 42.560729 5.366111 357.179426 43.746494 -81.105676
6.748106 13.391082 42.791427 13.249779 315.794958 45.742991 -122.194302
5.987026 13.108909 42.855872 9.299423 135.063147 32.978473 -59.421003
6.280436 13.228800 42.896941 17.005545 22.062088 28.833578 -140.311552
6.491145 13.084004 42.827157 18.013561 137.666606 83.550283 9.519787
5.807902 13.051801 42.761483 11.547799 175.973834 59.682776 -89.414152
6.378317 13.182799 42.772179 12.751712 174.819286 28.184723 108.633814
6.422401 13.046214 42.869228 14.029982 176.059550 55.771091 -79.460045
6.664062 13.133682 42.943838 10.769824 170.681867 54.369330 -131.836475
6.243167 13.016904 43.048962 7.104431 177.221979 31.352180 105.226019
6.306147 12.981958 42.961417 6.280571 342.769475 34.753756 -77.494934
6.240994 13.092930 42.892856 9.777170 115.899624 68.305626 -122.737579
6.730848 13.396017 42.676634 12.973244 90.608927 63.779708 -92.376045
6.510304 13.300797 42.830631 9.905062 19.973063 55.078715 112.061376
6.836445 13.174264 43.039428 10.454452 217.789620 46.816882 -97.498246
6.078560 13.259188 42.825843 7.794978 132.607854 34.479034 -45.539470
6.518898 12.993313 42.514484 15.560556 357.947611 36.561432 -51.019120
6.802923 12.539867 42.710205 18.019925 222.737864 58.304243 -106.607295
6.389978 13.050600 42.806303 6.628581 212.005713 44.792643 -56.886675
6.463818 12.976761 42.881597 17.077697 317.951929 26.807581 -72.733758
6.556042 12.985312 42.865452 14.026777 317.563077 26.755652 -104.542794
6.550661 13.138914 42.903039 5.689591 156.987948 25.920079 131.145578
6.201242 13.011922 42.880696 9.885351 326.654224 31.149712 -110.123358
7.092216 13.124034 42.999836 23.112980 357.837069 44.829550 -109.020257
6.558829 13.091633 42.855372 5.374239 138.900802 36.676417 -66.411572
6.517201 13.163441 42.934973 21.640353 130.312899 63.078053 73.257195
6.678433 12.893866 42.793901 23.041602 146.023787 58.484102 111.436378
7.031375 13.086793 42.846538 15.565371 185.758248 23.793378 -112.132058
6.608809 13.202801 42.542634 10.254657 148.546678 46.576734 -125.203535
6.607526 13.236295 42.733187 9.041440 170.184064 62.526567 -64.444933
6.375072 13.202945 42.886892 10.551997 91.345711 78.749145 -86.959511
6.941143 13.349060 42.702660 11.932347 275.778612 37.953485 -168.548427
6.371305 13.172565 42.872837 15.238691 111.991876 62.037996 -80.699832
6.323741 13.178888 42.686397 4.914496 154.907767 23.594831 88.227949
6.578560 12.952594 42.765838 5.416658 103.341217 49.593957 -52.748939
6.680102 13.337873 42.570375 9.549711 129.045195 13.659135 139.470938
6.538005 13.361890 42.913487 10.575131 38.208396 41.878716 -59.492095
6.671805 12.939885 42.809945 14.813168 143.368845 45.136125 -106.063417
6.677258 13.040043 43.181356 16.456808 136.759258 32.925526 49.618675
6.855504 12.962688 42.963765 12.291325 162.849673 22.289843 112.223281
6.485917 13.132048 42.734960 14.027334 152.135975 31.224335 47.012529
6.663397 13.243626 42.836784 14.010717 171.679729 49.037014 -115.582760
6.417602 13.076376 42.630908 4.523222 322.629782 48.827286 -97.726293
6.698004 13.139697 42.930048 5.170626 257.317157 77.617686 -169.216075
6.559161 12.962610 42.857040 7.400233 235.796941 51.550702 -96.683091
6.297044 13.088604 42.725238 10.261105 159.587714 42.301577 -88.396745
6.063507 13.157270 42.721220 9.072586 160.972551 31.185240 95.444251
6.925510 13.392809 42.878847 16.385914 166.152085 23.685484 116.284636
6.662457 12.856048 42.746011 16.597498 172.860260 27.723288 130.549479
6.263179 13.191548 42.929533 9.124180 153.120875 43.601467 -67.048699
6.379408 13.008514 42.891010 8.217499 137.976090 46.373685 -127.927910
6.632994 13.299531 43.019975 8.366130 79.187287 59.393769 89.304761
6.892887 13.156971 42.976611 10.143279 152.008180 35.002278 100.330205
6.785465 13.032569 42.826802 7.797139 268.124909 75.886523 -144.227393
5.942695 13.178958 42.747653 6.608261 61.177249 16.727277 70.532809
6.400986 13.341795 42.739826 10.245759 309.051825 39.244465 51.977565
6.095791 13.133167 42.834336 13.881133 160.770112 47.189120 -59.686044
6.737822 13.084493 43.081318 15.304196 168.088585 29.490452 49.743719
6.220784 13.088656 42.822300 12.993125 146.691043 47.924723 -128.611135
6.670477 13.170618 42.614571 6.598383 123.670670 48.496908 -92.035738
6.607128 13.067159 42.702698 19.680176 335.637955 34.695519 -111.690460
6.539657 13.269409 42.816532 4.573012 145.812951 27.213323 130.587526
6.202452 12.971614 42.945738 18.506802 163.786816 22.718714 -163.370209
6.014006 13.197028 42.847803 10.169265 132.592990 50.447970 -50.729843
6.798861 12.956206 42.901580 11.512708 276.623326 70.291347 68.914118
6.530043 13.190666 42.928939 12.002786 118.844920 44.225630 99.198781
6.559788 12.905199 43.004258 9.041650 315.989877 38.593532 -61.899051
6.021688 13.202959 42.779694 19.316134 324.007474 66.311522 -52.276323
6.583432 13.099365 42.830567 11.260874 317.204476 57.855642 -102.575335
6.409927 12.973902 42.944721 8.633828 346.444213 25.849448 52.847356
6.954550 13.155328 42.908606 7.299200 140.684652 23.353998 107.109315
6.125713 13.143909 42.805786 15.280840 333.941009 55.465489 -78.135123
6.105898 13.095745 42.830200 5.772658 284.193050 43.252444 -102.954632
6.175192 13.023632 42.930931 18.558978 176.325292 43.179008 -53.155866
6.845040 13.537798 42.598103 10.400180 141.873074 30.780826 80.115536
6.538133 13.210947 42.710682 13.255083 157.355894 25.507187 100.132894
6.263313 13.400935 42.849424 11.169888 117.086673 45.016590 -96.915900
6.581421 13.334025 42.775080 5.658470 144.966372 21.611052 47.733056
6.676958 13.378269 42.930054 7.304792 158.072893 21.166069 65.018641
6.073972 13.073698 42.822731 16.770900 343.888501 21.141486 -48.027803
6.022130 13.005054 42.840970 14.734849 173.528313 53.598259 -63.136972
6.417451 13.371241 42.798992 10.609333 108.880401 20.790922 -130.418927
6.636476 13.087779 42.673650 8.771411 305.340018 53.385048 -79.809266
6.539693 12.904790 42.702348 5.185014 166.268845 59.672955 149.559667
6.283476 13.111075 42.943827 4.203281 175.929641 56.562636 -74.650631
5.829182 13.071473 42.831107 15.212025 105.792611 20.369918 139.920138
6.231153 13.116631 42.755416 2.592384 158.434003 39.027042 121.288079
6.643487 13.081590 42.727487 10.529630 72.328942 84.005944 -1.172756
6.764156 12.937762 43.137941 3.842782 164.762140 29.901932 69.410545
6.332219 13.295353 42.768175 14.699562 337.072938 21.420130 -119.576527
6.916781 12.672251 42.855054 7.178236 347.960819 42.134980 -54.872097
6.186302 13.105156 42.934498 14.556842 155.970503 57.641158 -77.185389
6.715747 13.030850 42.788249 13.181617 69.451119 47.136575 -88.736254
6.439238 13.352926 42.886553 4.105210 86.071161 66.066557 105.044089
6.591740 13.101035 42.947603 13.144415 158.133745 26.560877 123.736441
6.348665 12.822456 42.743506 12.870611 172.581477 33.115526 -59.816768
6.321664 12.792754 42.699344 5.524934 327.802172 24.278764 -79.976365
6.942503 13.512003 43.210740 8.696377 139.223406 42.671198 70.268373
6.400192 13.111714 42.794987 9.845408 316.422671 43.540645 62.442296
6.891321 13.312775 42.678677 20.806596 161.774372 30.300266 113.286957
5.981813 13.376344 42.900433 5.044410 273.385152 50.360538 -82.073758
6.728702 13.188715 43.096079 14.722111 157.989585 38.193365 45.287114
6.632267 13.062841 42.791082 15.514173 181.997267 47.166863 -133.396116
6.242515 13.056475 42.880333 6.792249 161.866892 59.286563 -88.294522
6.207675 13.043317 42.939584 6.721303 165.363737 22.549335 101.929725
6.583788 13.147908 42.889296 11.173425 152.149983 50.957707 -58.920182
5.961543 13.110274 42.810065 17.163043 175.744435 31.349880 87.475988
6.303288 12.956527 42.935855 17.416824 352.624685 39.924138 -113.117523
6.110948 13.018755 42.967084 4.597740 152.434784 57.835194 -48.085067
6.920873 13.027528 43.080458 8.504061 139.526336 43.783459 -74.150662
7.215385 13.407812 43.504903 6.888434 273.014498 50.257788 61.474365
6.727509 12.885121 42.709515 8.690320 179.030986 70.492573 -75.165412
6.752626 13.093038 42.803223 4.719382 328.758068 55.836683 -65.879768
6.697731 13.068504 42.558462 8.742006 180.766954 60.991182 43.141344
6.317222 13.188083 42.847595 3.874571 7.247450 54.939005 98.669825
5.749577 13.013595 42.842409 12.609726 165.995287 49.240385 -76.177177
6.282318 13.137640 42.873914 5.093653 128.420360 56.539454 -123.721434
6.887565 12.994932 42.836780 20.736509 331.296589 35.528197 -53.642694
5.878087 13.173777 42.849987 15.370266 153.384100 87.278719 -36.312444
6.485409 12.956309 42.814485 5.226540 61.319595 58.478538 100.276387
6.555902 13.079710 42.948644 10.744798 159.692489 51.441586 -108.415103
6.974158 13.054963 42.739861 6.207087 78.263774 63.847641 95.828710
6.819138 13.429045 42.574059 5.069864 144.626087 26.124793 78.690947
7.093374 13.558249 42.849699 6.727092 262.568421 59.389509 -83.363373
6.692227 13.151016 42.619531 11.071469 151.589792 87.667183 18.028793
6.349270 13.173116 42.824957 12.554039 350.105572 56.242409 -122.505093
7.013478 12.995434 43.133026 23.198340 169.571967 30.828915 97.472807
6.760670 12.923902 43.082019 12.978011 152.183587 59.581332 -45.655948
6.501254 13.260229 42.749379 6.701097 151.032919 37.794504 110.068979
7.004591 13.061822 42.751455 20.220874 164.781192 42.124798 -51.583517
6.386358 13.070804 42.881547 19.792819 292.610455 50.694341 37.836399
6.592549 12.872054 42.822770 12.453916 138.496415 78.090638 -107.257571
6.679359 13.115912 42.973985 16.920203 151.942202 51.808285 -63.911205
6.455474 13.018586 42.823078 6.182106 165.565098 57.793023 -58.720769
6.538553 13.414248 42.767299 7.516043 166.929316 40.373113 53.069114
6.380751 13.085893 42.962961 14.542963 151.798573 52.113755 -85.041164
6.329585 13.119884 42.983636 10.174861 108.934663 70.684827 -65.637731
6.213763 13.240693 42.871065 14.763018 169.113378 24.955741 77.195874
6.206787 13.039972 42.825956 3.707425 296.224748 13.010606 -148.015612
6.698717 13.137952 42.848256 8.690201 137.715307 49.128207 -104.725115
6.284120 12.824612 42.911416 16.594154 115.094129 80.369958 147.668692
6.711660 13.227814 42.871998 10.904314 232.355151 14.676813 -12.656189
6.573200 13.065773 42.735597 16.452373 91.019409 85.616506 17.327556
6.737242 13.143246 42.539764 8.218772 309.210151 72.430829 -97.374103
6.281158 13.184589 42.752259 20.435998 165.987479 54.821711 -96.015632
6.452518 13.189480 42.932179 10.340208 158.991694 44.001613 78.040072
6.524116 13.091194 42.621564 15.234264 50.563589 88.352243 150.271325
5.965791 13.113266 42.837151 6.490364 175.744627 44.095117 -85.639438
6.645214 13.236307 42.821400 7.843020 279.186770 23.918573 58.055069
6.697718 13.337671 42.659643 6.509220 338.954404 74.446020 -155.996550
6.781993 13.063668 42.813125 7.058965 172.573826 45.442522 -119.191222
6.470772 12.994638 42.900974 12.038151 140.819990 31.612308 112.299554
6.591752 13.195732 42.991148 11.860046 176.293760 28.241614 102.684581
6.143088 13.016336 42.902562 7.952951 143.537562 42.069366 -89.715038
5.720873 13.111339 42.814696 10.802776 169.166687 27.855387 86.569756
6.767001 13.069312 42.534099 11.485538 335.326212 33.114952 -118.193455
6.580316 12.803544 42.855561 16.754140 337.402842 27.057962 -58.482984
6.609214 13.110419 42.958981 10.685497 300.843878 36.802834 68.179620
6.527565 12.956136 43.009391 3.808551 179.232616 54.058421 -116.336051
6.651572 13.240857 42.882006 12.495157 350.166696 50.059151 -59.022087
6.434594 13.148016 42.689175 15.537391 336.414191 56.108778 6.958674
6.795589 13.059306 42.683581 13.402773 165.083900 25.909894 -121.696340
6.438990 13.018587 42.995592 10.714305 27.928070 18.771264 -131.450670
6.418354 12.987365 42.764282 7.752629 241.836529 36.610862 67.184906
6.486632 13.026943 42.618754 5.731235 173.085251 52.429240 -48.063933
6.657714 13.292372 42.818463 11.596117 165.512676 26.409312 133.459428
6.849273 13.279350 42.717138 14.599965 141.481951 45.587383 -91.212717
6.204193 12.847425 42.777932 10.780497 223.485220 29.875566 -105.178701
6.638574 13.268045 42.752346 12.078524 176.918490 28.125771 104.054409
5.932004 13.112659 42.799105 15.752706 169.417291 30.977958 90.984465
6.325776 13.032369 42.900345 5.407225 319.871111 27.924845 -48.232298
6.350233 13.106818 42.788571 11.100067 125.703038 67.008919 -75.197832
6.198625 12.974793 42.788111 13.019664 146.906781 80.723502 6.517808
6.507547 13.169337 42.925349 7.678752 144.148530 26.699066 80.265610
6.828811 13.476028 42.879728 3.011278 109.915713 21.866683 -101.315490
6.408387 13.062689 42.736611 11.901516 93.059789 89.387413 169.266475
6.194121 13.119070 42.830761 5.035425 340.971147 41.021538 -59.784322
6.472595 13.044765 42.841579 11.215945 326.763387 22.509508 -56.155745
6.560850 13.471611 42.852348 3.167294 149.202659 36.961150 98.290417
6.575779 12.975779 42.786437 6.953699 167.657375 37.847417 -103.438766
7.375417 12.902895 42.991837 18.578319 151.316185 53.035627 -132.131484
6.105040 13.034442 42.795275 8.702264 212.545154 40.861514 -90.148554
6.564419 13.020124 42.716121 12.467019 98.037815 42.053138 71.775950
6.547149 13.251332 42.931534 10.485957 280.364682 32.543343 102.486962
6.437511 13.244028 42.717608 5.230182 154.131868 83.983553 -176.443124
6.760444 12.863581 42.834243 5.868876 250.695917 57.412637 -156.161461
6.596862 13.407064 43.046354 10.210207 161.940772 33.045082 120.161017
6.054518 13.002294 42.860884 18.697097 152.883759 54.895197 -90.539615
6.411609 13.168673 42.846873 12.193885 151.909821 38.651809 86.558427
6.815385 12.877860 42.870183 9.997048 43.671211 72.896174 -19.464963
6.126960 13.101095 42.822348 12.154771 315.149079 20.894574 -63.336416
6.487872 13.285567 42.846923 4.180107 48.048489 71.550636 -24.201495
6.834627 13.227584 42.876844 13.749476 77.633395 23.323282 57.519497
6.298452 13.331705 42.963081 12.712009 157.918417 32.797889 63.474411
6.268698 13.248235 42.812438 6.100206 336.467700 57.160244 -71.714975
6.282870 13.191982 42.916851 5.848389 135.227706 50.610731 -49.846433
6.770706 12.635042 43.036102 12.321682 326.442542 36.498543 -76.171726
6.473367 13.237239 42.947184 13.394851 138.514938 23.957377 89.686042
5.767767 12.953716 42.794184 6.076803 164.546412 52.913329 -51.129611
6.993569 12.989162 42.472311 12.247728 345.025937 26.395160 -99.373792
6.164861 13.229112 42.822871 10.783659 258.207292 58.090416 -68.404879
6.337758 13.093081 42.845967 7.114539 172.466042 49.754012 -60.266953
6.359065 13.250631 42.745102 17.884945 294.811551 59.168929 -95.340898
6.465512 13.117549 42.762732 13.024827 138.886719 36.352775 86.142306
6.688050 13.048403 43.055487 11.830813 145.094029 46.274801 -105.085127
6.364811 13.265977 42.895264 19.187480 150.698989 22.279113 84.689758
6.051850 13.191072 42.848492 14.104110 153.895751 83.016623 161.812110
6.244763 13.207895 42.635398 9.254438 169.922578 42.374507 -114.466700
6.631377 12.928967 42.960150 25.761313 289.112555 46.367640 -81.538053
6.644854 13.125754 42.748139 15.978753 170.241144 36.136583 114.139771
6.137638 13.226147 42.960267 9.842829 159.020956 22.128098 61.113231
6.465716 13.178552 42.735154 17.102987 144.633779 25.025037 63.828712
6.214466 12.989153 42.869229 12.360348 338.785541 20.740903 -121.883380
6.886547 13.488314 42.648735 14.506223 144.484602 30.948937 56.609053
6.471704 13.147154 42.701749 6.824188 318.466084 34.053997 -55.385939
6.776757 13.039072 42.998009 12.754630 174.153112 42.920423 -93.739632
6.125098 13.148056 42.846151 7.441297 174.687947 26.461408 86.225737
6.777174 12.718366 42.645150 19.356712 164.576814 32.107868 120.448740
6.553365 12.787543 42.780586 16.920804 351.793302 31.835408 -48.023028
5.948501 13.153726 42.833405 14.143573 46.463305 82.628239 -143.801535
6.498527 13.456712 42.921636 18.796610 216.347829 39.281957 113.117515
5.948707 13.206147 42.846129 12.407247 150.920270 31.458666 117.196915
6.401453 13.088977 42.879274 6.834023 15.247867 44.651067 93.825716
6.687736 12.873846 42.840789 9.104520 9.272311 48.929233 117.137952
6.399412 13.216196 42.626856 13.956643 305.339187 37.189013 -113.235543
6.432082 13.181199 42.866170 22.888681 142.580226 44.515911 -132.291909
6.382532 13.021110 43.002431 13.301333 342.307554 26.847817 -90.483327
6.205587 13.174693 42.623330 11.100903 165.312552 50.079375 -51.151364
6.171052 13.046949 42.926693 13.528733 66.666946 77.278449 -76.031720
6.386569 13.192222 42.931664 10.205795 5.680035 67.462021 -35.809598
6.463533 13.035594 42.746135 3.506435 139.369414 51.059740 -104.700095
6.526844 12.872233 42.683280 8.156056 320.960298 43.729233 -57.352705
6.440547 13.271830 43.019349 12.347755 280.550692 15.564854 -89.092730
6.277114 13.225703 42.811097 17.150256 159.471643 32.860471 62.466222
7.037381 12.626632 42.904501 5.951635 316.063933 44.415422 21.418164
6.498025 12.986423 42.871432 9.997671 222.911688 63.146877 153.597824
6.727937 13.046042 43.047904 5.512927 150.593563 26.572913 128.549880
6.520591 13.118163 42.949029 9.920126 143.964607 26.297691 88.814931
6.449822 13.165714 42.822392 11.040766 312.599359 53.851346 0.557355
5.917421 13.153817 42.869837 10.861314 137.221592 58.451608 -92.639325
6.754299 13.517885 42.878689 11.737663 158.502747 38.879036 125.405240
6.601569 13.137747 42.698204 15.571945 290.061107 48.458539 58.441238
6.400905 13.374774 42.880300 3.917404 339.140846 76.661268 111.055422
6.656905 13.327124 43.062114 10.241724 177.132329 38.674559 81.013173
6.633155 13.180897 42.775375 7.104296 25.101654 83.512612 -166.099883
6.318386 13.222687 42.861555 4.575947 143.525006 46.928965 -66.516532
5.576495 13.173690 42.759276 10.911244 294.919109 74.698202 12.737151
5.921043 12.967176 42.864542 5.969257 159.402617 49.622215 -65.478806
6.113012 12.970341 42.820576 6.126019 147.356452 44.784970 -131.717687
6.662037 13.198004 42.697012 6.565499 341.967534 46.937273 -65.471976
6.880280 13.519442 42.521515 25.528905 358.487030 46.928587 -114.375607
6.491059 13.414574 42.814509 4.364281 89.901429 89.061520 177.889448
6.662252 12.940663 42.799356 18.135969 124.565433 54.524742 -133.419662
6.566428 13.030695 42.655621 6.680368 337.814547 34.711983 -128.010532
6.499651 13.327025 42.912013 14.986993 166.204213 81.099618 -65.189890
5.720706 13.163144 42.839308 7.618753 174.822030 32.980806 76.563990
6.104357 13.110855 42.762547 9.379352 168.342206 35.456703 54.292597
6.511282 13.173915 42.986528 14.898105 163.339915 20.773364 126.992357
6.428147 13.148733 43.057271 12.798348 165.009493 86.482554 149.325360
6.617218 13.322230 42.790418 9.825247 139.338102 30.133664 48.259914
6.672623 13.237430 42.981191 19.146220 128.248156 21.011161 86.587495
6.258712 12.972768 42.973320 4.529056 174.124337 26.650540 -64.184808
6.146194 13.143865 42.704442 4.288284 39.575564 53.491581 28.295236
6.582935 13.001973 42.955046 15.507991 173.409078 48.120958 -59.102268
6.208303 13.285331 42.735712 9.077908 90.059252 31.621420 -56.815945
6.323135 12.852005 42.830582 13.149426 122.668463 42.426678 -96.118658
6.518519 13.123132 42.974285 10.507948 124.871515 65.826716 -93.045432
6.810037 13.223395 42.894193 13.827679 271.196067 37.343718 77.675935
6.250730 13.123990 42.741513 10.445866 310.573358 76.096864 -134.690692
6.350832 12.913457 42.973654 7.075106 157.918582 51.732388 -79.459100
6.445044 13.072407 42.765468 15.842916 138.005208 43.313370 -56.898044
6.070089 13.027522 42.855017 9.567229 340.583093 28.583619 -56.095078
6.263345 13.107645 42.748374 13.275286 14.249602 81.116417 12.414807
6.541597 13.012164 42.872544 8.015259 166.880952 44.136013 -83.006522
6.654855 13.194661 42.704006 9.104489 174.107978 57.070835 -104.441849
6.554195 12.885934 42.900914 13.522700 257.242310 71.946894 49.166513
6.483995 13.151035 42.715730 12.169178 152.294129 38.871633 -80.625165
6.454925 13.207999 42.906823 20.250756 48.557471 78.893635 157.193648
6.495335 13.049322 42.733085 13.405045 289.733924 35.283385 -166.995645
6.597215 13.123703 42.824503 17.033165 104.326493 42.260111 -95.040885
6.363575 13.138930 42.858640 10.318496 159.250127 30.156677 123.058511
6.855962 13.090825 42.570276 4.875687 276.742152 49.951761 122.716110
6.435706 13.309502 42.920819 10.434297 144.635537 38.752498 101.065484
6.514137 13.131431 42.810332 15.291032 209.908660 48.624133 125.281514
6.508549 13.150994 42.892036 8.963284 170.441027 36.840271 114.841651
6.469886 13.174528 42.808902 4.236539 170.005110 35.620955 94.300738
6.553729 13.029807 42.715434 12.740471 323.865321 74.733490 -15.691944
6.992256 13.222826 42.781884 13.650530 159.962384 21.206292 118.977468
6.391206 12.958647 42.820063 6.327281 100.741852 52.014120 -51.479362
6.768398 13.563692 43.078954 10.400973 138.061818 57.007008 81.108039
6.498335 12.877206 42.965089 18.248980 162.442119 22.478357 92.239091
6.679103 12.877103 42.830413 6.547761 135.727920 43.213383 -84.468464
6.908533 13.092899 42.813008 7.887233 148.152860 58.087811 -116.623423
6.344896 13.227012 42.803838 3.635795 170.446874 69.661162 -95.161589
6.533204 13.057283 43.013812 11.919931 144.922691 53.283801 -123.195879
6.281938 13.021210 42.776566 17.651421 172.113883 40.042267 -72.833501
6.551073 12.859356 42.820122 3.170309 330.361840 36.505601 -73.395319
6.581915 13.136000 42.678340 10.003446 114.095168 45.996415 -64.019240
6.258612 13.090655 42.804232 12.631028 175.163420 58.964594 -49.605158
6.260656 13.147606 42.781903 19.061524 166.891821 38.095954 115.602473
6.126824 13.051366 42.939920 8.862355 134.512022 47.743902 -68.014344
6.774980 13.207287 42.562830 5.865777 140.594136 49.600644 -115.682203
6.517430 13.240131 42.818344 21.383555 296.106371 15.803129 -116.665770
6.215513 13.082245 42.849786 8.492229 156.980914 52.466319 -92.398642
6.194092 13.180582 42.703097 8.221631 151.018947 23.860986 89.666838
6.683083 13.176491 42.770507 16.787468 160.352207 85.583984 173.676446
5.283905 13.067735 42.812359 4.303217 52.820732 84.453222 139.614181
6.352211 13.283722 42.967296 11.713378 160.478441 34.061774 123.896948
6.240541 13.073187 42.763038 12.240029 165.984814 47.703421 -122.830272
6.599006 13.147653 42.787519 15.637436 169.416561 54.634862 -87.977247
6.157372 13.149132 42.990280 19.626501 178.935832 37.922071 69.673265
6.140186 13.059252 42.746652 10.910100 64.581508 80.566410 -145.569369
6.286668 13.093182 42.632363 13.190914 297.929021 20.284227 -57.248613
6.808297 13.526390 42.598919 13.512604 338.067221 40.624471 -127.547326
5.789959 13.116287 42.873575 7.199021 258.027610 44.283423 32.338289
5.851646 13.168759 42.793568 16.178819 130.849547 86.284368 176.466137
6.766428 13.009906 42.713800 4.763713 34.459111 55.497635 75.376708
6.749798 13.323553 42.734539 17.517871 133.060902 42.595233 -81.466104
6.163787 12.976036 42.910783 10.557593 170.395657 54.644581 -116.664756
5.574169 13.020781 42.836500 11.002957 354.992953 54.814624 56.628205
6.612878 12.965349 42.847117 22.635078 156.760469 46.412243 -67.113839
6.207820 13.067982 42.943209 15.310852 138.813239 37.045730 118.574498
6.887408 13.107944 42.940733 20.769620 14.321702 65.314874 107.629193
6.099411 13.216996 42.914645 9.645905 243.547100 43.159858 -87.765597
6.282171 13.213577 42.877357 13.518695 340.645853 35.222144 -122.384700
6.071474 12.956777 42.844834 14.493943 140.189096 43.709017 -62.639522
6.982948 13.271385 42.910439 9.742683 172.887594 44.026081 -67.781572
6.151617 13.155742 42.886636 6.642915 141.709836 50.423555 -67.023998
6.393687 13.253656 42.895585 4.615763 253.203461 63.518791 152.418500
6.503944 12.970952 42.567176 15.875523 293.317398 68.448812 -163.122112
6.556432 12.972414 42.897517 10.056534 148.871244 22.807504 57.293315
6.655579 13.028885 43.025574 5.433669 169.541976 19.647233 -96.695281
6.099003 13.137729 42.885250 10.735442 13.869809 80.879270 9.248375
5.876152 13.208772 42.901400 7.664972 166.928692 46.405070 -146.534375
6.534600 13.376913 42.891494 17.683658 94.673313 42.138152 60.391196
6.810915 13.396233 42.906353 16.287333 152.565554 32.978603 110.583243
6.676229 12.973473 42.793467 12.338020 180.016052 50.917681 48.068127
6.261852 13.403581 42.914317 19.976425 164.521443 23.410818 77.694678
6.807179 13.045752 42.704824 6.161595 330.163626 37.536303 -60.432754
6.307202 13.210467 42.837288 12.359216 5.454016 54.267853 109.722500
6.624418 13.327629 43.013686 13.076484 147.638171 38.602732 72.735423
6.392197 13.318048 42.715789 11.409107 168.646389 29.252996 131.112506
6.491694 12.987697 42.959639 6.384114 141.993464 55.737256 -85.284018
6.043068 13.138084 42.833509 10.047490 154.401543 60.963188 56.329769
6.510263 13.212080 43.001036 4.866528 140.808238 31.514212 92.200690
6.593646 13.395792 42.836985 9.440563 233.280076 50.120264 55.488925
6.217331 13.244780 42.907711 3.411742 106.233570 45.902736 -97.785741
6.758393 12.953559 42.623832 10.367469 359.001766 20.284990 -77.411565
6.325485 13.059293 42.898287 9.927360 72.818583 83.741873 140.015251
6.409271 12.977206 42.772526 24.046463 166.482024 53.754060 -51.997051
6.394572 12.941599 42.706319 10.594760 18.940296 72.751415 -179.665570
6.673993 13.109171 42.916347 7.811421 171.831368 39.809014 130.060964
6.372844 13.338462 42.870211 9.928117 156.636807 46.660543 -46.914779
6.748667 13.151232 42.583306 4.648972 167.195110 40.521053 -93.017737
7.132829 13.551621 42.810310 7.243166 307.338439 63.706797 133.253240
6.233480 13.181055 42.851657 3.212625 172.706374 30.527001 76.044093
6.315693 13.120342 42.770073 13.368334 145.731298 57.844916 -62.336804
6.423309 13.137525 42.847176 10.343055 151.466379 45.362642 -177.753864
6.841219 13.137814 42.546586 11.358417 286.501249 31.934420 -119.988038
6.781168 12.708380 42.834768 10.882659 328.119926 21.811452 -105.285232
6.073415 13.175452 42.882323 3.437906 148.791434 70.614198 -172.620515
6.537437 13.142529 42.942423 11.056852 348.281613 48.625180 -128.384251
6.172932 12.928532 42.841079 10.775808 303.636250 11.139993 141.227441
6.336958 13.189320 42.738442 6.996033 8.410340 73.692146 -68.004575
6.399938 13.177798 42.815267 15.276434 122.575508 52.798087 -56.131724
6.118402 12.980852 42.874282 11.309914 165.425349 23.941725 -85.523507
6.692511 13.231528 42.837599 8.113107 90.186368 23.119378 129.506746
6.841122 13.355452 42.950469 10.724335 218.761877 29.766053 -134.021580
6.316476 13.146250 42.828461 5.682627 28.787875 54.835172 54.276122
6.508127 12.990226 42.584308 12.461275 328.289501 66.279323 -89.740515
6.113794 13.142512 42.882121 11.579922 339.984316 48.724193 -129.553675
6.255621 13.000370 42.879504 16.766914 96.212875 48.638681 -70.674391
6.915284 12.920247 42.942728 9.493960 281.801136 51.992092 -64.469853
6.341507 12.924773 42.661830 7.454878 357.369539 35.194923 -92.141572
6.224589 13.094513 42.809861 5.957337 315.206876 53.998030 -116.883230
6.443073 13.173934 42.831838 12.618345 164.309690 40.665271 -145.187141
5.965229 13.084421 42.793234 13.809340 81.556098 52.985627 114.107866
6.601816 12.996173 42.829298 6.616293 2.555010 81.054482 -137.648365
5.795720 13.086987 42.912955 13.077751 150.714258 21.115718 88.022989
6.458604 13.138752 42.797058 8.772949 134.959153 53.456378 -53.177150
7.081459 12.571385 42.866138 24.545380 337.280022 23.036949 -101.476321
6.367282 13.270920 42.666950 9.819020 146.280577 31.153609 124.684053
6.591686 13.127142 43.076049 7.979231 10.658677 42.305801 94.320861
6.283792 13.169399 42.924476 13.174823 101.928197 88.117007 -176.886843
6.774098 12.486220 42.915134 14.729484 344.240316 24.752730 -129.899357
6.549715 13.030174 42.717354 10.960917 142.334904 53.651547 -133.873403
6.042484 13.080220 42.815178 13.844887 324.781426 26.989835 -95.383794
6.341589 13.085619 42.827767 10.080089 321.728095 26.050961 -58.958757
6.343661 12.909927 42.665012 3.918148 338.209063 34.801514 -126.164543
6.740111 13.063580 42.736721 13.072074 324.570066 26.931868 -87.988024
6.310220 13.163706 42.884616 22.603356 20.492093 40.952126 -130.143050
6.684994 12.899033 42.749192 19.094996 161.294448 58.824804 -111.921670
6.900733 13.530436 42.907667 5.410810 125.189462 47.082410 100.502353
6.580169 13.113386 42.826286 8.252591 170.876314 35.325484 109.887550
6.490926 13.079814 42.715497 11.526941 98.463628 47.703642 -73.964928
6.725146 12.688039 42.840987 7.930555 345.094483 20.288686 -122.906741
6.711253 13.084309 42.700896 14.223693 163.251695 55.564254 -54.706269
6.635211 13.328583 42.596228 12.019876 104.387112 43.945658 -67.919395
6.524065 13.318851 42.887673 9.929671 351.664610 73.103283 -169.156251
6.499024 12.938488 42.910818 7.563495 128.026142 54.175395 -21.020771
6.699211 12.795503 42.896953 4.511245 327.339225 28.405907 -105.094150
6.679581 13.322152 42.757095 6.622282 50.083125 85.280590 153.013811
7.371920 13.087159 42.733164 22.080532 150.406530 51.515760 -68.678975
6.035056 13.210959 42.832009 2.656852 140.176004 21.944076 116.282420
6.574986 13.163328 43.003737 11.305285 182.205453 74.750665 -21.295851
6.279765 13.100900 43.005741 11.452499 205.469304 68.475025 47.074424
6.529805 13.252058 42.727911 4.537761 171.544592 39.971606 65.784387
6.757653 13.196334 42.921963 12.478695 306.127834 74.191477 89.183587
6.640633 13.156669 42.963900 5.425795 160.396694 38.876966 102.139408
6.627716 13.030824 42.886395 16.688115 158.693423 47.854053 -86.711039
6.705441 13.001166 42.823235 8.782201 317.131106 57.556354 -62.874816
6.642942 12.778243 42.780848 20.353171 136.632030 52.843207 47.136959
6.098421 13.170048 42.707440 17.899424 221.913660 58.365753 -133.834882
7.262497 13.462091 42.718056 8.449349 158.759207 65.623726 23.534616
6.070927 13.146224 42.894125 11.749956 148.326625 31.587203 79.947235
6.075535 13.182197 42.707190 8.796060 150.356648 23.183825 52.533237
6.376659 12.914410 42.942771 11.312538 147.685108 86.651679 -39.495992
7.117926 12.943678 42.534926 21.090415 9.179547 46.107378 -39.023521
6.267424 12.972945 42.719381 9.986702 170.202327 53.768274 -59.445954
6.628237 12.950367 42.888049 17.464863 176.911299 54.105579 -87.059690
6.244586 13.131992 42.879130 20.301262 36.981925 56.994069 -83.147119
6.764438 13.068897 42.883218 13.753253 164.879809 59.504520 -45.711924
7.382165 12.532290 43.135447 19.020201 172.371532 85.932708 -2.160733
6.582349 13.014709 42.813907 6.851071 140.525899 32.898553 -103.231339
6.336084 13.091533 42.797476 10.631441 149.951183 56.568236 -54.657344
6.805434 13.041908 42.749706 12.922755 138.827132 56.155789 -60.183983
6.385165 13.137319 43.032172 8.431523 96.460479 59.707215 8.318681
6.266725 13.262459 42.891805 3.410738 176.721219 30.311033 82.794079
6.370282 12.960124 42.770838 10.900471 154.442103 54.028403 -103.560777
5.852125 13.143689 42.826714 14.758547 146.990651 60.402090 160.100734
6.787504 13.330302 42.952969 9.314250 152.957697 28.670591 55.700558
6.833536 13.606983 42.798916 10.493479 298.035833 74.972237 -57.400055
6.320418 13.193742 42.699264 16.028927 160.066787 28.976930 82.498760
6.318147 13.259619 42.737614 11.217493 49.118389 80.253877 -174.183221
6.946615 13.441600 42.603894 19.694378 296.008399 12.957184 136.217356
6.728011 13.216665 42.929357 11.311204 135.093940 23.380991 134.592453
5.821042 13.105893 42.823927 10.307463 325.946713 32.095795 -78.798576
6.506926 13.053366 42.729173 6.428652 122.686237 47.203711 -132.405918
5.962511 12.992614 42.841250 9.956446 268.762959 11.367112 32.408107
6.455073 13.311465 42.923207 12.359011 165.078419 24.233490 96.085205
6.677527 13.308570 42.846119 14.813241 63.078338 13.951933 -101.115554
5.976801 13.140711 42.838018 3.179162 353.328542 39.083345 -90.383791
6.701671 13.134146 42.671106 8.586050 170.153771 27.822016 54.637826
6.741174 13.160010 42.502777 19.014174 118.334024 49.243076 -126.000400
6.947433 12.715664 42.845555 5.699842 316.316269 30.916176 -100.741144
6.661582 13.004682 42.993095 3.810442 175.800119 43.973417 -133.573850
6.447174 12.983436 42.828225 12.099655 170.787498 83.646695 -97.127275
6.474449 12.909558 42.790916 13.403512 104.805828 47.158947 79.358221
6.481195 13.257623 42.812799 12.872287 163.568241 34.041245 95.662883
6.345657 13.263192 42.819075 4.803889 151.758423 55.119590 -111.869293
6.685169 12.869536 42.752406 5.672193 317.175618 58.053308 -104.237429
6.513471 13.219550 42.744066 10.151521 149.816104 39.713721 50.082430
6.970982 12.647746 42.903294 9.727593 170.017680 49.509171 -129.131797
6.397710 12.916338 42.659202 8.165056 41.537395 84.873910 144.763978
7.137074 12.967142 43.274664 12.820211 144.872581 34.783327 105.732284
6.788696 13.303922 42.616895 7.025331 96.543939 56.262997 -75.202514
7.008164 13.046668 42.567769 11.691346 108.255940 78.901158 159.697683
6.799254 12.829213 42.643588 17.217011 349.031681 27.191821 -127.846753
6.582903 13.339255 43.021600 9.947648 140.865392 28.059812 64.969485
6.616363 13.262759 42.958497 18.682593 149.396661 49.699608 -3.660198
6.198910 13.000411 42.821998 7.309942 347.001017 21.528016 -119.612030
6.600777 13.195553 42.890820 11.506687 160.716694 53.598514 -129.832371
6.395675 13.241887 42.734169 9.001234 92.246483 85.759093 -31.610920
6.322434 13.279758 42.901529 13.587821 114.425222 23.768538 -47.375534
6.829829 13.112769 42.818474 8.144345 329.645202 32.093082 -101.633631
6.187166 13.030903 42.772245 5.329621 356.857397 21.669242 -110.998595
6.462892 13.137739 42.843211 14.438877 116.853750 22.982823 -79.518789
6.198219 13.088036 43.071297 9.982288 142.218197 29.529481 81.373986
6.669026 13.067848 42.746575 4.162311 153.486390 42.485154 -106.870241
6.302605 12.892543 42.915792 3.262125 139.009798 53.136249 -59.787316
6.686920 12.947930 43.023393 11.517148 175.979253 53.008962 -58.914831
6.422767 13.197512 42.846033 12.838518 168.865428 41.168841 -82.996159
6.428623 13.177330 43.016853 2.961970 156.807180 29.062156 76.552629
6.477773 13.127129 42.774646 5.322811 101.462654 62.833730 -65.987923
6.620653 13.221058 42.877751 6.437048 154.119783 33.067128 86.952823
6.274740 13.119776 42.842774 11.823093 33.363543 82.226860 -97.100406
6.425255 13.073086 42.851026 3.251111 345.211615 40.270329 -68.038504
7.069561 13.031549 42.967465 15.693348 162.150012 63.772148 15.373527
6.357181 13.167365 42.734530 8.502430 172.633939 25.616864 63.047181
6.283542 13.204504 42.929057 13.729617 140.045449 27.887523 121.316625
6.054757 13.211818 42.861203 12.302816 139.262063 32.028500 54.607491
6.515450 13.200798 42.926518 10.928263 172.408574 28.676418 91.080028
6.664829 13.075432 42.913120 8.821908 340.767853 52.202401 81.427620
6.503788 13.261117 42.989505 19.236977 163.149129 38.365285 61.705985
6.058800 13.018257 42.857646 6.025350 322.590284 25.819288 -106.617996
6.821194 13.292952 42.918312 5.643717 150.262566 28.390884 97.695157
6.422485 13.137609 43.010569 11.050505 159.024411 46.379131 -76.626865
6.174469 13.020874 42.816554 9.576760 351.589375 37.315171 -63.369333
6.239481 13.059797 42.881031 21.287661 139.286543 34.036624 -14.692238
6.357765 13.040699 42.840349 5.246612 349.105029 36.906097 -102.378823
6.402023 13.011791 42.832201 16.758247 48.094277 85.613364 33.697836
6.366248 13.284963 42.721872 5.158679 137.668771 26.729892 90.665887
6.280067 13.315075 42.839163 9.785191 136.368950 35.456222 106.045697
6.481598 12.930160 42.840209 18.771830 144.204586 45.045216 -122.809653
6.291525 13.167768 42.838524 12.028741 140.949940 85.808696 -142.055340
6.634603 13.013199 42.701946 9.456333 148.921484 42.635464 -111.667971
6.615209 13.326283 42.942109 18.155571 76.242800 43.896360 -73.614038
6.558359 13.157530 42.687249 13.566777 177.461869 28.829382 112.399435
6.006191 13.058030 42.820702 11.928759 148.899448 52.413191 -61.588102
7.067733 12.789030 43.022431 13.533215 132.963592 62.217673 119.218763
6.194018 13.026906 42.841473 12.921463 92.028152 18.434872 -94.814258
6.653362 12.991627 42.803532 15.955623 95.724592 33.049210 -132.411095
7.032473 13.806354 42.928391 6.139075 164.810060 55.932270 107.116402
6.744725 13.243961 42.779760 8.981183 15.854410 50.267490 -60.387630
6.719292 12.980766 43.124702 15.469908 137.348856 44.025623 -123.177854
6.242556 13.166558 42.966658 11.264148 129.018450 50.877457 49.463663
5.936075 13.198016 42.723671 11.412478 77.262783 71.773687 -153.596851
6.047485 13.221809 42.820305 14.343596 170.661106 44.449183 -106.555617
6.300716 13.171527 42.906496 19.579130 170.755372 27.981862 76.158958
6.054541 13.034661 42.980987 13.466375 135.750354 51.321071 -92.677114
6.415025 13.180729 43.106415 15.927007 153.763331 28.782948 88.097516
6.040030 13.045641 42.723168 9.074793 165.714128 56.661482 -117.335009
6.386784 13.041147 42.899594 8.560485 170.542287 46.641798 -45.291684
6.390109 13.116985 42.916330 4.344696 171.768352 31.183062 81.042267
6.454352 13.177343 42.718551 17.838239 174.344692 48.959197 -81.716557
6.703445 12.928389 42.877194 3.867093 359.514880 38.049682 -72.909750
6.487069 13.108455 43.116676 12.873890 169.426977 35.783307 101.309131
6.189026 13.175717 42.875480 13.699436 146.958800 21.484396 111.770531
6.664757 13.343415 42.800983 8.326827 305.060641 70.869955 -111.725104
6.466939 12.972852 42.873444 12.966029 179.107733 40.192637 -50.065039
6.875629 13.043876 42.878545 12.090658 289.809892 41.646862 -77.636396
7.178682 13.366422 43.151223 16.316088 165.537093 34.836673 70.991773
6.628079 13.358815 42.895068 16.802125 161.476385 52.037436 -104.831494
6.113693 13.232594 42.767791 10.126209 172.899749 46.381700 -74.508584
6.185686 12.879979 42.981766 10.112731 142.025163 55.627183 -103.295453
6.109370 13.142269 42.727076 10.684979 300.529275 38.861444 -94.205474
6.581281 13.103497 42.848781 7.188418 155.196491 41.489416 -51.413617
6.292607 13.018683 42.826836 5.862948 163.227601 43.249789 -93.388315
5.731191 13.107726 42.805328 6.349132 29.197183 81.094457 -172.129107
6.474562 13.236599 43.003820 6.228237 137.982107 36.211344 89.376584
6.125728 13.017571 42.879855 14.842790 37.746736 54.320330 -67.470112
6.616726 13.396496 42.866695 15.191436 316.300229 67.113948 -43.769773
6.513286 13.102169 43.005776 3.443866 333.814498 45.069773 -147.226841
6.622070 13.207956 42.736249 14.672703 310.914162 26.451959 -88.979861
6.007867 13.150476 42.828898 15.268833 338.441138 23.881661 -91.310542
6.862002 13.188906 42.407496 8.222714 346.708358 24.216317 47.964827
6.703068 13.108867 42.516285 4.782175 150.195352 54.089232 -122.377833
6.656244 13.153426 42.641083 16.141275 152.857458 47.624047 -124.115845
6.779597 12.525604 43.050489 5.692105 324.888314 36.843707 -64.039406
6.388887 13.055898 42.878324 15.348376 0.931753 29.262522 120.418726
6.387636 13.277965 42.714942 7.718854 176.883486 39.616030 99.578136
6.324676 13.071187 42.612956 10.207508 164.966797 22.478667 -82.392191
6.643746 13.004354 42.735930 8.529795 297.231842 47.377691 -93.808752
6.448879 13.316961 42.945801 4.969073 154.339500 89.881512 147.197841
6.699867 12.893376 42.886607 15.844403 162.327343 47.288909 -93.747466
7.013290 12.903187 42.763982 13.313311 137.241473 55.442114 -109.852480
6.946366 12.298645 42.929821 17.602614 326.668868 23.224460 -45.568715
6.244896 13.093700 42.817669 18.989337 355.519380 44.444145 -41.848142
6.736343 13.087298 42.912616 14.277425 147.365083 28.139066 129.949773
6.948285 13.280803 42.874885 12.455225 150.920933 35.864277 61.029936
6.741258 13.038960 42.961950 6.298789 146.154414 42.550540 -102.896974
6.756827 13.472629 42.909659 10.194075 322.459695 44.093549 103.645756
6.523587 13.433765 42.818920 10.136991 142.732428 55.811961 59.546749
6.865425 12.788151 43.076813 28.678319 164.010837 43.460106 -116.782353
6.655136 13.091430 42.745433 20.320082 169.967433 34.020249 -116.725726
7.073936 13.077025 42.976762 21.394062 176.264069 55.998448 -85.221275
6.788544 13.349051 42.730439 12.010521 120.998224 47.785110 -117.173371
6.495410 13.305155 42.987919 14.220552 173.282892 25.375724 127.635469
6.489089 13.081055 43.022636 6.081463 334.757102 43.692245 -90.144790
6.520907 12.847047 42.724995 12.783942 165.474277 50.097655 -98.959393
6.053062 13.126491 42.901336 4.581957 159.791638 41.598020 -121.875220
6.465038 12.998525 42.689584 6.304985 323.162680 44.983107 -93.096417
6.582474 12.832687 42.902509 12.483813 140.514746 41.192776 -105.495630
6.374159 13.092805 42.749174 14.214996 163.747894 58.492726 -109.888990
6.521168 13.072878 42.537682 15.109537 120.723202 50.545066 -124.645323
6.872649 13.148272 43.111840 14.153127 294.224060 51.288373 81.859813
6.463712 13.005935 42.698360 8.488018 354.983253 39.769011 -129.379592
5.998504 13.162975 42.811492 6.735102 147.114628 30.291880 113.320772
6.119186 13.131978 42.909403 10.125479 352.006070 79.341366 -47.921709
6.797188 13.183588 42.854390 10.078440 145.533449 39.359059 59.668616
6.218545 12.950041 42.802890 15.780242 150.202134 49.731624 -121.995387
6.029706 13.146570 42.919150 9.145803 168.475400 23.169377 129.903645
7.154452 14.104461 43.228086 11.862050 172.937291 56.142961 114.883492
6.372874 13.182555 42.762562 7.340459 312.623499 53.589471 -77.798648
6.405712 13.293978 42.950390 9.439543 150.523714 36.687181 106.097987
6.432334 12.827608 42.945850 11.057610 168.292976 54.825557 -63.670818
6.565253 13.260642 42.953647 12.647063 235.163287 71.846773 70.349612
6.108649 13.246245 42.868970 10.599661 137.136431 38.204631 65.511212
6.722044 12.780454 42.926278 20.293431 323.677890 43.978291 -49.699062
6.421808 13.227855 42.947320 14.406858 178.971537 24.030205 98.846426
6.351981 13.266307 42.837141 16.532178 259.359865 75.019525 -9.322986
6.318619 13.145371 42.903935 8.281691 138.494461 23.012138 58.032626
6.409556 13.160654 42.454716 11.984309 137.790463 45.178410 -59.564798
6.618214 13.101388 42.896356 8.702241 347.710349 71.867885 -84.539100
6.848553 12.944522 42.953317 11.454063 336.265904 56.026151 15.623827
6.172852 12.744802 42.873573 9.617383 35.036379 57.082265 78.540098
6.970257 13.121923 43.104713 11.930965 304.140769 71.404868 111.169780
7.024935 12.814137 42.784684 13.522002 160.570670 54.013255 -65.109138
6.805680 13.011747 43.047195 16.801523 168.757609 39.153130 -48.385904
6.516161 12.750868 42.886382 12.592125 174.661175 57.166347 -95.122884
6.426496 13.193605 42.830186 15.441635 151.735028 34.701066 -54.108142
6.191526 13.106306 42.945049 2.922339 137.748500 43.499642 -89.661353
6.338478 13.407568 42.813808 15.799039 163.816769 37.718391 102.858429
6.562192 13.231984 43.031900 5.524435 150.464508 31.690793 66.614045
6.350696 13.196388 42.950855 12.346369 146.902183 36.822606 62.905302
6.215623 13.366461 42.778635 16.066418 269.188024 48.758628 82.358390
6.507579 12.759509 43.001178 4.627828 348.343369 25.595246 -84.282796
6.578229 13.155868 42.666301 6.798938 142.988916 59.542027 -51.202758
6.356567 12.980930 42.880786 11.458475 102.126380 33.849414 122.966622
6.349460 13.110161 42.793646 4.328495 89.774821 85.137704 174.524343
6.858958 12.755862 42.812031 8.652854 318.521091 57.582548 -127.855306
6.743946 12.868338 42.730336 5.283300 317.067656 61.018696 14.040775
6.913425 13.034755 42.893351 16.040528 316.231189 78.825263 155.308217
6.617655 13.107646 42.707016 9.499135 344.806909 22.042918 -71.762464
6.227690 13.192377 42.837747 2.656017 242.075104 42.393263 45.043755
6.400393 13.452670 42.927978 12.466006 154.852795 84.325125 52.571234
6.546020 12.969062 42.924964 12.927222 151.635994 55.290155 -67.219074
6.292063 13.353216 42.728759 2.851839 151.024023 44.433836 -92.831554
6.595351 13.146135 42.788124 13.205904 109.297707 77.769586 -127.578849
6.474060 13.022538 42.679890 9.676201 347.901191 35.820651 -71.986969
6.299099 13.022094 42.805468 12.441200 325.571082 64.129017 -84.075237
7.176003 13.308719 42.357784 8.645696 344.186377 17.189255 -123.957909
6.828089 13.208313 42.801954 14.099834 141.279412 37.707539 66.953933
6.862400 13.138304 42.857579 9.585078 137.005520 29.358044 47.465432
6.680581 13.147563 42.721905 9.412251 151.649726 39.053829 120.116313
6.179419 12.948809 42.974551 16.902541 166.274558 51.485985 -84.035378
6.528379 13.360273 42.793507 7.860647 154.320762 55.421237 -69.273039
6.371240 13.273142 42.929162 5.411509 177.080525 37.107226 96.366316
6.896147 12.794462 42.715190 10.054852 5.744229 59.707398 71.493760
7.099965 13.263361 42.946627 17.917717 272.010416 75.874976 128.585388
6.608215 12.957557 42.702992 5.478671 340.967701 47.993274 -79.184790
6.743656 13.202383 42.677657 12.728336 145.527082 47.716261 -100.831013
6.288762 12.984790 42.755152 9.825297 93.751794 84.617898 -137.702491
6.303062 13.125511 42.884907 10.272183 175.339332 61.617661 -47.246026
6.836786 13.337789 43.106149 5.384315 162.503276 28.334886 70.904451
6.293143 13.117778 42.685175 2.989206 301.445539 30.564767 51.211879
6.338113 13.042030 42.822486 21.332311 135.540954 21.255131 -126.955604
6.625334 13.118015 43.169488 8.299514 77.898981 86.638063 -135.577563
6.726907 13.235337 43.045247 12.059631 164.997928 22.351814 89.988875
6.680268 13.202503 43.148214 14.545991 169.732879 46.317919 81.835280
6.785117 13.129323 42.984201 21.026243 304.703430 29.345553 77.932483
6.848043 12.459979 42.694942 27.852646 87.931929 82.610470 -32.048883
6.127667 13.175440 42.871937 10.887697 104.027110 56.296642 109.661232
6.294902 13.001902 42.834428 14.033744 348.743256 59.630294 -114.698220
6.333492 13.243511 42.862595 4.756727 221.095189 59.903765 -66.819531
6.230788 13.177260 42.892567 8.861561 119.743003 49.168791 -53.923622
6.541531 12.927686 42.759479 10.393015 150.474106 40.715192 -46.142280
6.277070 13.285912 42.814410 12.092326 150.086739 27.288699 131.264801
6.568504 13.271794 43.038420 11.468559 143.479778 29.192845 126.196574
6.074615 13.099976 42.805850 14.148051 324.573705 25.893105 -123.729981
6.298295 12.981387 42.895904 7.566164 170.089280 85.647820 15.244099
5.677534 13.060286 42.884816 15.567355 164.245407 42.277229 -114.608675
6.684240 13.233033 42.961414 17.057475 52.711429 31.360307 84.316868
6.513657 13.379784 42.756023 9.867921 142.424121 23.686095 122.679013
6.479883 13.116026 42.662993 8.861556 166.269093 87.064098 -40.346799
7.036207 13.055933 42.942571 8.964799 160.519793 21.090277 109.662036
6.703155 13.170059 42.560884 4.777033 170.911408 62.812037 -129.063388
6.694385 13.163039 42.705627 5.708549 290.120410 77.755783 132.430268
7.033097 13.019435 42.782940 21.365730 334.416398 31.345898 -52.641542
5.914715 13.067535 42.726394 5.186855 138.300197 73.583895 -128.110273
6.916836 12.924385 42.480260 7.818614 146.326739 23.909472 -52.997983
6.434920 13.355590 42.827296 13.689128 313.187966 54.384444 -115.070599
6.832013 13.110393 42.748572 12.808111 258.877744 11.658135 27.352080
6.645603 13.036546 42.701749 10.960714 31.521700 81.859475 -37.402103
6.375436 13.111598 42.882370 3.489915 165.340375 58.777007 -71.454048
6.581891 13.149695 42.939436 12.111363 331.304003 51.165881 -74.650499
6.419046 13.127767 42.726733 10.382329 203.155717 46.954471 -33.258557
6.275062 13.171677 42.792825 14.614758 11.470028 31.115029 -14.080319
6.644367 13.002820 42.739508 11.031875 333.214032 61.509684 -30.297618
5.995525 13.055576 42.806574 11.979151 304.430051 51.890416 -54.877800
6.472097 12.936743 42.816953 7.309133 36.645061 88.912422 -175.778419
6.121993 13.123750 42.791482 17.153704 17.799706 39.913278 -57.087662
6.768573 13.268580 42.798437 15.851847 173.525827 28.548692 105.335183
6.643857 13.151574 42.884604 12.178262 88.751844 89.939309 -152.687455
6.070375 13.188167 42.728294 14.982187 39.866863 68.063248 119.724779
6.397489 13.184506 42.974093 15.107479 63.173302 63.000451 143.542239
6.189133 13.189945 42.788838 13.529477 115.367071 50.436337 -91.313142
6.721837 12.959715 42.865830 17.296932 28.969405 66.535137 30.031610
7.052354 12.475475 42.827841 8.653115 290.234358 24.128551 55.698360
5.887440 13.049793 42.792241 17.905171 321.305464 46.623682 -54.947374
6.216586 13.104709 42.824638 12.380702 157.420800 40.964864 -92.288322
6.631686 12.747014 42.647529 5.753262 136.935851 32.039065 -58.177553
7.051742 13.278045 42.867928 16.785673 356.772996 71.267893 -132.130155
6.041568 13.115593 42.752109 13.626500 169.094700 11.400727 103.389635
6.222819 13.162646 42.844313 14.162111 45.328873 41.600751 -84.474481
6.842955 13.236826 42.802194 17.722857 134.415250 82.860557 42.973966
7.039462 13.389677 42.946131 15.644340 137.156364 28.137444 64.984240
6.419774 13.203691 42.777956 6.535753 127.453727 40.812484 -120.437061
6.270958 13.125924 42.797126 7.411622 107.067314 23.774048 -127.440888
6.017334 13.033718 42.846817 6.935507 356.368636 20.913118 -70.513163
6.651904 13.049820 42.872268 5.061108 160.943738 58.049887 -94.736584
6.126584 13.075531 42.732624 6.671439 358.485811 75.714867 -77.570908
6.724331 12.724004 42.896505 12.682334 133.483188 77.063489 -37.973782
6.255576 13.220875 42.686262 5.020606 12.238284 43.453262 -6.519311
6.887298 12.676764 42.663216 20.770475 329.541420 36.397363 -113.917024
6.102701 13.189917 42.738584 9.405517 145.517464 27.946136 68.204225
6.731376 13.025798 43.171946 21.525010 25.388217 77.813828 171.599464
6.589535 13.034880 42.591998 15.085789 94.122213 54.272705 -102.719432
6.664362 13.623993 42.761032 10.964211 161.647241 35.260837 94.092274
6.347191 13.442647 42.760130 14.191960 315.640487 56.005808 31.086399
6.421152 13.292053 42.695347 16.868556 160.753514 58.199793 -95.630516
6.620154 13.226873 42.579990 17.068230 142.452147 42.821653 -110.328205
6.305538 13.213383 42.935551 14.872712 275.027381 51.080550 -52.539448
6.855378 13.081202 43.112539 11.897703 255.118189 75.121945 -157.982766
6.800932 12.970496 42.809472 16.655567 279.710205 69.951614 -63.061299
6.065946 13.184559 42.761094 3.067802 176.970420 23.253279 100.657644
7.064385 13.110252 42.857157 4.990889 147.809836 37.806288 -26.910980
6.352241 12.990697 42.882735 21.412800 4.982154 84.567199 12.442589
6.396139 12.863860 42.819517 7.240682 119.054526 32.423053 134.470516
6.273566 13.190639 42.857784 7.188964 167.115905 34.984694 76.330367
6.339949 13.050624 42.863493 7.511016 11.627669 24.106133 -42.435003
6.057940 13.051944 42.808016 9.227473 356.122604 23.793838 -46.939808
6.243257 13.172656 42.940403 10.293177 66.192095 62.915864 -130.492440
5.833992 13.118316 42.840999 8.088948 159.187424 53.288279 -130.807838
6.709677 13.432591 43.065486 11.375714 77.311613 68.305714 -102.252591
6.084549 13.116225 42.840296 11.144383 165.528888 25.417997 87.977231
6.337375 13.185928 42.931347 10.957333 219.925504 20.140002 -109.908156
6.656867 13.007498 42.775778 9.275475 270.020332 45.748143 131.071958
6.493662 13.404591 42.688404 9.160587 138.630511 33.704022 86.821074
5.962614 13.107620 42.837282 11.143608 333.983930 23.126788 -128.641075
6.180236 13.129444 42.729417 9.308984 242.560686 11.271540 25.947833
6.790276 12.854492 42.823334 5.791146 315.611447 31.389796 -48.916001
6.869324 13.506264 42.902225 14.943573 160.572544 56.984689 57.565434
6.688450 13.241233 42.856415 5.972503 140.455472 56.624978 -60.207353
6.501865 12.954986 42.831549 6.598751 154.845180 40.652230 -103.782283
6.265541 12.864395 42.968320 12.989764 224.643077 26.301210 -48.600301
6.613955 12.832946 42.841459 11.934666 156.529118 43.057555 -129.982303
6.275701 13.277799 42.870299 12.123979 139.848422 40.378836 -81.990357
6.638588 13.206343 42.884898 3.625660 144.929668 41.764900 -124.186307
6.252927 13.055917 42.880969 12.756267 148.396271 24.495363 61.416932
5.978918 13.065928 42.813904 4.279994 351.660859 33.894726 -68.353161
6.197831 13.202143 42.957118 13.575958 135.732408 47.301198 -76.193839
6.425993 13.268977 42.868056 7.415714 173.873679 23.562056 46.704686
6.173677 13.210212 42.847551 12.843685 149.066701 53.305042 -105.434763
6.940043 12.984469 43.195602 18.318687 130.193364 20.380609 33.905062
6.293888 12.994249 42.921680 3.048276 354.474208 50.599019 -110.004456
6.378803 13.189101 42.693681 7.938777 183.295970 38.452421 -31.832506
