6.817429 13.335210 42.939032 5.961267 147.554620 34.501089 101.949959
6.349571 13.301118 42.777390 6.419478 325.800925 56.009437 -88.008726
6.275451 13.123607 42.894861 18.778519 175.654075 56.372385 -114.162396
6.002338 13.015307 42.887514 6.372621 175.237095 21.694819 100.917639
6.293569 13.129556 42.872312 12.897655 168.533642 23.812629 102.762863
6.453411 13.008332 42.962006 7.692665 172.467022 48.126998 -78.500449
6.560771 13.171331 42.886395 6.396787 154.874661 41.843491 -94.323023
6.440138 13.278964 42.795966 14.406819 155.932831 74.102536 -30.435910
6.697860 13.169589 43.082315 15.289586 17.642975 51.920427 9.775978
6.757504 12.612770 43.046555 4.658677 57.766698 54.035193 69.094761
6.525108 13.314053 42.540278 15.396990 41.557005 83.259284 -139.380385
6.354085 13.224354 42.693634 14.808025 147.182866 71.334040 89.141242
6.663552 13.019795 42.775220 6.312892 133.049701 23.793721 -109.925277
6.302219 13.243535 42.812682 12.190738 101.528500 54.541266 -86.525731
6.475471 12.911607 42.803339 17.528837 342.727848 31.422254 -108.830997
6.485014 12.811207 42.711533 13.589284 146.830581 44.473064 -112.818446
6.599755 12.956170 42.788425 17.333592 256.672790 45.604842 85.384011
6.276049 13.307502 42.920104 10.717200 161.890141 25.745122 121.871334
6.278637 12.861926 42.780786 13.042300 105.624333 55.394421 -62.872822
6.709985 12.844169 42.967912 14.360376 160.162357 53.866308 -50.881423
7.146205 12.685619 43.095437 12.826006 334.546535 21.268100 -125.813239
6.310200 13.196918 42.843404 10.695774 164.445965 25.696462 91.991644
6.291333 12.983042 42.761164 8.544245 130.053520 56.933905 -79.784574
6.748367 13.427497 42.692143 24.080157 171.977237 34.916828 129.518603
5.919743 13.015073 42.851258 10.837678 295.870676 76.867296 -14.261164
6.085218 13.069534 42.796516 9.085543 162.159915 40.506921 -104.033439
6.818143 13.172445 42.787421 15.264934 152.276558 31.174318 131.201932
6.487866 13.285060 42.959579 8.444931 163.569968 24.552430 78.223336
6.601213 12.969547 42.895227 14.023108 170.634821 41.226422 -87.023695
6.383869 13.167275 43.035451 14.776590 287.837910 24.025738 114.551623
6.982751 12.855608 42.735718 7.809955 170.524470 47.963937 -123.433782
6.470487 13.201832 42.590787 7.256614 137.605019 44.369907 -74.017418
7.009428 13.015008 42.706744 26.919829 176.120427 62.262522 77.597619
6.705393 13.306897 42.939660 19.168404 178.477388 27.237926 82.996629
6.439829 13.270715 42.689099 3.224874 161.204347 36.586448 91.847043
6.163276 12.943395 42.983940 10.924600 332.833721 59.907338 -48.917984
6.649364 13.058742 42.816091 13.939105 338.852912 34.695240 -46.204496
6.443948 13.262313 42.894414 9.044595 4.775283 14.795794 99.051718
6.446708 12.986117 42.776331 16.441100 137.606424 45.444459 -118.269286
5.934427 13.051659 42.886329 7.670179 154.144307 44.058751 -101.792175
5.672584 13.022674 42.789101 14.610653 316.503018 66.382207 -124.918133
6.230838 13.287546 42.929937 8.590882 145.211504 39.764633 94.343901
6.429722 13.109662 42.944788 6.655552 35.376357 57.199163 -35.013799
6.465603 12.869218 42.870152 10.125399 153.087987 56.516397 -130.648553
6.704418 13.163402 42.600531 9.370355 164.489014 85.506743 35.809000
6.272542 13.154651 42.745866 12.170462 154.609958 27.581497 72.588623
6.300720 13.130704 42.807605 3.734156 218.336178 43.604192 45.142101
6.192027 13.193604 42.892648 11.820537 172.342785 75.522036 -105.144635
6.204539 13.056671 42.799442 6.191637 76.106309 80.334760 156.594486
6.827320 13.102974 43.102055 19.641987 142.030967 54.878464 -76.498140
5.984446 13.073378 42.798930 16.247106 341.991920 24.015214 -47.384857
6.333319 12.864781 42.840837 6.827561 324.959245 22.020985 -110.295667
6.562153 13.114644 43.053644 7.508093 3.066968 41.631670 -78.064286
6.275743 13.009448 42.727122 13.355936 157.868081 43.634898 -69.996595
6.660736 12.962623 42.759503 16.083955 153.522384 44.937107 -113.565673
6.378915 13.106761 42.783878 9.665262 147.515570 41.189768 -94.686002
6.255025 13.115214 42.774306 8.966463 141.194612 34.294520 107.407565
6.566425 13.075510 42.821588 9.251677 177.366249 42.283971 -90.491083
7.182540 13.048473 42.777303 17.745028 71.011872 81.398842 -175.542531
6.634018 12.838502 42.610806 14.683379 34.844337 43.509908 -65.464994
6.493968 13.247083 42.690891 18.164287 173.355455 41.593789 -78.620544
6.839527 13.352759 43.136555 14.142604 144.611088 48.270240 61.611575
6.703245 13.068661 42.936245 10.368029 284.148903 77.791327 -35.385285
6.205048 13.091614 42.766900 15.652418 171.133424 56.120584 -119.595580
6.467314 12.933218 43.059038 17.250021 161.470235 49.343085 -75.640151
5.691495 13.101202 42.821049 6.642464 170.420795 54.855797 -66.832263
6.930157 13.585973 42.930602 8.050210 135.587250 48.428711 117.119419
6.277011 13.155258 42.853314 11.837008 330.720757 54.876289 -107.560544
6.427639 13.430046 42.872586 12.663965 177.673403 32.951927 58.686738
6.320812 13.072787 42.858759 7.207246 55.025643 74.357253 -5.767661
6.615824 13.210816 42.970045 17.049219 153.366558 39.000208 87.913437
6.058734 13.183789 42.729350 22.644789 190.651467 44.711127 70.680162
6.811834 13.253800 42.759658 17.074616 205.340522 50.282435 -109.623061
6.571329 13.124183 42.807795 13.428418 292.120019 50.600333 -120.785099
6.074181 12.997033 42.691767 7.582901 350.687747 11.617840 -20.771363
5.950852 13.114786 42.899100 10.406968 154.830002 37.611561 99.735692
6.033656 13.143778 42.726497 7.051396 175.212403 43.851610 -107.871656
6.206339 13.122021 42.849061 6.213779 149.363424 54.606965 -114.853842
6.075831 13.236777 42.787174 10.908763 352.877815 76.422095 22.796196
6.258883 13.372171 42.726027 16.931891 143.942331 22.416924 97.708209
6.396668 12.997520 42.977334 10.331164 131.184398 74.832421 76.577673
6.693228 13.003502 42.876075 5.239001 318.585415 37.933588 -58.188687
6.019668 13.066621 42.854030 5.448907 257.287325 32.290560 115.791307
6.769242 13.087603 42.489463 9.573877 159.440325 37.811391 50.252002
6.169351 13.169598 42.715361 9.855841 156.344090 25.432210 50.494065
6.493303 13.115044 42.791819 14.875277 344.048105 33.312204 93.625137
7.169489 12.722242 42.993928 8.234963 50.570792 84.890471 -129.862665
6.062353 13.018290 42.858516 5.467641 155.163912 40.507743 -100.404278
6.127732 13.280163 42.786874 9.888130 304.120207 29.199574 -105.840967
6.181911 13.099976 42.956264 18.127021 214.760740 52.095459 13.008093
6.975406 12.488037 42.953791 13.201387 326.212529 38.694624 -51.738322
6.629560 12.848018 42.884850 12.539000 356.932887 22.690053 -59.621615
6.539967 12.842571 42.961257 7.634264 333.087585 74.921108 -37.216580
6.510171 12.786585 43.096844 10.477860 337.652787 24.462247 -94.106990
6.575755 13.178847 42.908403 6.765556 178.067496 24.449103 78.626657
6.842191 13.077734 42.826078 14.655164 344.145805 31.494937 -111.864138
6.493983 13.142873 42.623060 11.382759 140.175745 50.507810 -131.223048
6.048615 13.266120 42.803980 12.908930 337.719651 66.310434 -90.095289
6.781585 12.787905 42.605131 12.132914 351.839508 35.513138 -61.604250
6.460507 12.916941 42.879763 11.643842 160.224628 40.061933 -105.996836
6.367831 12.942180 42.754757 3.767886 184.244721 73.533327 65.980338
6.519362 13.227248 42.978048 7.629263 155.132212 34.133467 122.257181
5.781559 13.114214 42.832572 11.700821 149.814058 24.721442 74.473157
6.116500 13.125936 42.835846 10.415280 166.580938 23.322306 65.692575
6.018542 12.952348 42.779785 13.603715 301.188581 26.195972 -123.750359
6.439582 12.940325 42.797522 6.483187 206.689964 46.449617 74.311397
6.077833 13.085074 42.818296 11.702367 289.327311 52.502731 -51.801931
6.652470 12.903116 42.781354 13.645828 355.571845 32.012622 -129.285941
6.183537 13.155088 42.815622 16.124167 159.249874 28.532370 72.276952
6.570364 13.095977 42.786300 6.317228 337.840758 52.647651 -95.908899
6.425919 13.223494 42.920138 4.417630 179.303403 20.606484 103.481734
6.277694 13.168373 42.702592 10.868828 140.985674 32.345779 104.876888
5.979086 13.069354 42.926160 18.805543 156.443059 50.296929 -88.130215
6.824056 12.865352 42.416825 14.940198 104.599154 43.916721 50.027022
7.097932 13.777450 42.378034 21.353296 104.517951 83.796750 169.684657
6.414933 12.954553 42.599163 9.877869 315.511735 31.108426 -111.900036
6.476112 13.074784 42.955866 6.472186 141.649344 51.266670 -98.757646
6.459766 12.989752 42.753782 9.777848 336.339965 67.047024 -77.438433
6.580368 13.115962 43.008873 12.210468 162.335653 41.669009 -81.597682
6.249393 12.829109 42.925902 4.202565 280.510658 10.116282 -94.294469
6.020850 13.259147 42.784685 7.819801 37.764119 55.381638 -89.198241
6.375893 12.935695 42.798875 17.470361 351.155304 35.489644 82.336590
6.422614 13.464768 42.911886 14.046441 69.164880 38.855663 -130.989696
6.666827 13.337395 42.911769 17.639936 176.337057 38.329388 102.885197
6.591177 13.001400 42.925460 8.065131 109.880672 20.175735 -99.371777
6.686059 13.075141 42.692017 5.177610 334.076638 26.693320 -80.912510
6.485260 13.350857 42.941373 8.431551 356.132727 16.940169 126.845227
6.295078 13.232443 42.808917 8.002928 193.038680 22.280316 49.171720
6.534063 13.373908 42.831447 9.032605 171.617605 23.844625 60.332024
6.008705 12.956296 42.809725 6.897945 146.536644 68.026680 -11.638352
6.709792 13.129355 42.876172 10.988915 113.514607 46.970570 -157.689019
6.347078 13.038246 42.765958 16.230573 316.657249 20.604740 -105.861033
6.128896 13.224996 42.889352 11.498420 291.700119 53.664482 82.789988
6.040680 13.025792 42.910398 11.108952 173.174748 38.475490 73.260580
6.292246 12.905290 42.723410 9.719107 106.638861 44.232598 -60.615548
6.112292 13.219753 42.746120 18.730499 160.755723 50.025309 -131.435032
6.047008 13.133848 42.754794 10.809339 173.245600 21.245651 108.216810
6.229234 13.125909 42.776121 15.006669 229.326412 41.406967 -31.642874
6.683912 13.608712 42.947820 15.301158 142.462010 21.720013 67.906354
6.839543 13.187621 42.937741 9.889078 169.144857 31.639905 124.094913
6.815905 13.749276 42.584202 8.214689 270.931864 29.395486 82.939417
6.729139 13.125654 42.927390 10.097248 221.650646 63.339883 -22.489828
6.514634 13.030764 42.794638 15.461195 135.116649 49.122084 -50.342798
5.963921 13.055897 42.931376 6.873161 145.715238 43.892141 -117.067982
6.568462 12.940672 42.618231 19.549670 89.623896 83.930225 -25.009916
6.682071 13.089975 42.945846 17.149635 147.753553 16.637438 73.264668
6.416420 13.008537 42.805098 14.841287 245.369443 26.367525 -68.370730
6.630314 13.280721 42.754121 5.182268 315.754307 51.386271 -133.422575
6.404163 13.027592 42.879415 16.627055 40.570379 47.800578 54.084997
6.917443 13.108424 42.774338 4.022983 137.970489 33.798906 124.532447
6.535263 13.275650 42.967580 19.898446 157.252002 24.723209 111.932382
6.427345 13.236050 42.727300 12.333664 99.516176 42.542707 -133.912808
6.223516 13.031564 42.808054 7.917594 154.537547 58.855408 -60.361156
6.357484 12.933529 42.763679 6.571409 168.772830 81.133528 -28.596783
6.474186 13.329130 42.803299 9.272875 282.860715 51.635438 120.171539
6.496527 13.141885 42.928448 11.817473 143.605592 14.279176 158.461517
6.961037 13.728207 43.236110 11.218304 152.346227 85.354724 145.530671
6.629933 13.183469 42.632571 8.730180 164.471786 54.111427 -72.722308
6.843685 13.099561 42.901980 17.304721 328.540668 46.544219 -94.396547
6.700296 13.135415 43.106151 6.130107 54.208378 22.858265 11.826345
6.527259 12.865398 42.821685 10.645913 273.781959 21.476530 69.988609
6.617328 12.919664 42.880572 20.689745 147.850178 45.826394 -115.632055
6.482017 13.106528 42.741008 15.595704 108.923640 29.408870 67.561683
6.417512 13.208865 43.058786 5.343537 301.902752 51.382082 -97.310809
6.372298 13.339316 42.857402 11.599501 326.536400 39.964999 48.430062
6.900431 13.036500 42.934513 13.597874 109.281450 52.014522 -74.056920
6.306787 13.082614 42.869520 13.459695 182.548865 31.235729 107.719576
6.400527 13.000752 42.895343 6.624843 99.511995 50.050806 -45.976636
6.227708 13.187025 42.865313 3.845118 163.755631 58.198554 -119.234174
7.064335 13.293608 42.970733 17.900977 177.878292 29.482745 130.222962
6.016210 13.235546 42.853532 8.165416 332.841236 63.593193 -109.785503
6.204022 12.974395 42.785795 15.781882 151.176573 59.346060 -65.173858
6.044762 13.112427 42.923849 12.195506 158.599231 41.936609 -83.048952
6.163842 13.089946 42.898743 13.380667 141.653049 36.737870 124.802718
6.658773 13.474949 42.676494 9.834447 170.639033 38.571423 78.260889
6.884121 12.737420 42.714398 15.077181 355.043472 68.342283 -88.946801
7.235707 13.290174 42.790915 14.480885 160.185920 36.616340 47.474006
6.541813 13.161878 42.605608 18.211980 113.170578 46.681883 -89.177528
6.314249 13.201153 42.790718 9.036935 160.703394 52.209637 -93.514936
6.842843 13.102588 42.727407 15.806597 184.214852 24.180627 -51.478701
6.318511 12.853780 42.913476 11.857672 130.248950 55.495974 -74.236873
5.958651 13.209730 42.813744 12.573531 313.305645 69.244077 -167.594480
6.387372 13.165077 42.832704 6.248504 355.402005 79.271227 -40.241355
6.434022 13.243360 42.764491 13.727488 148.762690 47.187879 52.008509
6.598542 12.828376 42.695573 8.573766 152.182385 80.670659 -176.082665
6.388235 12.905209 42.873842 5.138434 171.925890 55.387248 -80.950887
6.210432 13.144146 42.840849 12.870800 103.876511 50.103139 -169.039588
6.776799 12.620551 42.589033 4.833297 7.002060 33.918229 82.331061
6.011200 13.108267 42.734275 15.236300 315.808270 62.993682 -122.877210
6.093509 13.087232 42.774487 14.991331 337.593364 26.282667 -104.817381
6.311856 13.072360 42.779388 7.247182 243.232644 12.694876 113.220504
6.684995 13.280988 42.849476 10.976456 178.779393 28.390071 61.826413
5.560362 13.103583 42.797529 11.745240 92.600653 56.085469 -81.298850
6.485491 12.970338 42.540742 11.083062 332.719315 26.063369 -72.342152
6.469323 13.106842 42.690940 5.833873 301.982267 75.353505 -92.358191
6.459222 13.099391 42.762376 14.172015 125.037482 58.219432 -85.489817
6.996636 12.953328 42.804412 14.559855 343.729683 39.665800 -87.589555
6.416711 13.161249 42.994056 3.480935 106.155056 40.185915 -106.116623
6.406810 12.872454 42.697747 9.968449 166.362045 42.973102 -85.254457
6.092454 12.934421 42.772819 11.987173 347.967590 74.695084 -96.697725
7.266110 12.780634 42.750177 5.734660 358.399281 35.675487 -98.475281
6.111363 13.080882 42.685654 7.392063 223.803553 48.741307 106.629753
6.471853 13.029560 42.762142 4.639103 165.861951 22.117304 120.670215
6.575814 13.502484 42.771993 6.723394 234.199263 49.549739 76.968972
6.518143 12.829887 42.944111 17.976864 297.187330 49.217187 -58.000850
6.786278 12.651600 42.960243 13.606264 347.953238 30.089776 -88.664409
6.469772 13.255454 42.922186 9.732380 174.678695 24.199845 128.946686
6.496149 13.261899 42.769873 23.662197 128.283378 40.720406 76.516116
6.428099 13.462229 42.754875 13.119099 139.256565 43.241231 118.383354
6.826685 13.318302 42.929838 7.171775 174.055225 86.242856 6.798983
7.036544 13.122256 42.815612 7.303682 26.453199 88.779875 -138.249876
6.874107 13.015144 42.810685 16.624253 185.251673 38.125578 107.531387
6.201232 13.171308 42.814958 6.317855 148.706753 54.330379 -59.436737
6.756699 13.417442 42.829013 6.308033 154.606808 31.357708 74.504161
6.113531 13.156034 42.914989 14.652254 166.972284 34.118257 77.949018
6.687662 13.202006 42.932552 15.285116 336.248001 47.495711 -26.280304
6.454000 13.227710 42.828717 10.398320 173.399560 58.630757 -98.828100
6.628262 12.864814 42.747849 9.880390 151.079021 58.190255 -73.916223
6.363483 13.128970 42.775612 8.453860 157.421454 23.516244 118.692780
6.413569 13.106237 42.737300 10.674254 348.800448 47.428151 -87.759159
6.596423 13.154286 42.941059 3.768082 141.293968 32.310088 124.156745
6.570684 13.316179 42.863048 14.836693 69.860325 87.180345 -136.453524
6.741153 13.154716 42.992761 3.729542 135.245172 37.974277 61.183044
6.017029 13.197774 42.715771 14.384349 315.292730 42.434580 -125.418044
6.704321 13.326334 42.518787 8.904805 75.772193 86.441489 160.773826
6.881143 13.302723 42.509509 11.289213 175.725335 55.166212 -79.858842
6.574051 13.089998 42.937997 17.722653 335.289914 53.186540 -73.805120
6.422612 13.091298 42.721565 14.356538 333.931616 78.224228 140.107230
6.395854 13.196451 42.633038 3.280470 320.160397 49.909338 -99.848196
6.326609 13.229759 42.824166 16.207213 258.766453 35.438530 -45.875467
6.586874 12.865879 42.864005 17.601256 263.237730 41.612593 -137.669019
6.412895 13.485095 42.853295 10.857218 151.698143 35.892331 99.289833
6.849067 12.667121 42.827414 6.621373 353.702565 35.762768 -81.356248
6.658295 13.284960 43.044160 12.396223 151.309445 25.498765 62.194551
6.335685 13.193424 42.766620 9.804864 154.313603 34.808433 124.376188
6.284851 13.017826 42.872531 6.545926 13.179662 85.472755 -15.828483
6.509189 13.144485 42.883035 16.949492 160.683612 23.125405 120.974130
6.367575 13.111771 42.626958 3.197099 153.030975 49.592196 -128.435582
6.591365 13.051810 42.825355 9.347626 352.899082 14.921578 50.907709
6.304773 13.007559 42.987099 6.090519 343.310496 47.990519 81.538032
6.295996 13.265461 42.985172 7.032133 38.255150 37.294707 128.770641
6.942070 13.065994 42.813899 12.397748 347.972104 23.665125 -129.552084
5.963619 13.017094 42.904791 11.793554 25.358974 44.852974 -170.057120
6.418009 13.115594 42.827978 10.139609 150.681795 58.281269 -11.397655
6.953892 13.187660 42.935862 12.560162 92.284154 39.637766 77.291508
6.280909 13.229302 42.827369 10.360206 92.334719 45.886612 -134.647855
6.402181 13.195685 42.797762 6.395166 229.339800 22.894296 -107.670519
6.044387 13.062520 42.855762 15.551910 127.881048 33.193440 -96.768270
6.455328 13.183391 42.836244 5.415906 277.404124 48.158565 -134.336568
6.785421 12.935242 42.858603 4.732256 309.971768 34.429822 -109.783572
6.565853 13.363550 42.738000 19.108165 159.406090 47.674745 -65.644573
6.699308 13.253132 42.671151 16.131062 171.400178 34.198563 102.158600
6.939348 12.933821 42.556610 18.568835 308.890937 21.724380 119.658241
6.459264 12.992220 42.858948 6.644235 327.111884 37.324800 -87.683431
6.692888 12.701802 42.764025 3.844976 332.736369 36.141471 -69.857122
7.028816 13.346549 42.844779 14.048790 176.288818 23.201929 103.276254
6.568363 13.539381 42.873676 11.092294 178.514870 21.345063 104.499105
6.876835 12.859316 43.014041 16.530033 167.899356 56.120565 -128.726684
7.281978 12.388933 42.750780 9.037224 157.353156 76.425749 -106.334394
6.408630 13.191401 42.769509 12.776554 345.060076 58.196739 -62.565945
6.467211 13.110828 42.865211 4.227961 22.713557 80.420614 -178.039601
6.216987 13.066973 42.702095 9.004593 139.658319 44.275286 -51.234889
6.088167 13.065250 42.760557 6.998178 172.845587 53.638480 -79.691928
6.809348 12.526919 42.612401 5.363317 10.925631 24.948251 -68.685939
6.570452 13.384726 42.712680 15.304478 123.872191 71.321328 -90.366939
7.079995 13.085543 42.843077 14.766094 140.522041 51.557733 -83.391761
6.221488 13.068735 42.795924 7.311138 313.489619 72.252777 37.416165
7.031777 12.761345 42.616217 8.195233 252.536975 11.168382 124.444988
6.149405 13.098321 42.767230 4.262706 297.204314 76.631198 -128.597052
6.570063 13.111686 42.877846 6.635515 350.400904 73.891351 -126.300660
6.526491 12.948110 42.922021 6.750701 157.057778 42.611894 -97.297069
6.909498 12.415750 42.824069 7.113754 137.453088 64.786349 156.171661
6.932327 13.427463 42.893858 19.555497 67.272212 24.049869 -99.962834
6.404735 13.175925 42.879370 4.442008 174.001836 46.122234 -69.794438
6.851152 12.838947 42.952404 12.550144 144.892416 39.576120 64.108963
6.169186 13.087883 42.818140 10.727799 88.264059 76.015931 145.703297
6.987737 13.106549 42.853640 10.531375 131.495227 86.197738 -178.232987
7.069815 13.245743 43.049994 15.250846 254.757969 40.188124 -66.124287
6.324615 13.074400 42.817645 15.446325 337.188874 33.266007 -61.829355
6.892385 13.195256 42.862066 6.154753 105.345213 77.507689 -64.658174
6.216914 13.146005 42.694264 3.382747 170.126442 39.102396 72.756451
6.414823 13.053983 42.859613 9.104574 150.243483 58.459043 -118.703942
6.434893 13.087275 42.733098 7.797206 3.317324 54.451136 58.936591
6.544810 13.063811 42.973189 10.708055 130.543723 18.772861 -52.804802
6.173399 13.114839 42.760247 9.825046 138.508117 26.689372 94.294028
6.046158 13.057742 42.830152 15.499569 253.884962 10.974082 -21.263204
6.511614 13.097684 42.587640 8.960497 208.009536 37.802846 103.953329
6.411102 13.055998 43.079844 5.942718 242.748818 59.503770 -102.507639
6.530034 13.181540 42.908295 14.348737 170.829798 29.310378 71.619861
6.407461 13.128605 42.972882 4.036350 179.801937 83.501003 -32.386065
6.486057 13.022312 42.798158 11.467956 25.177831 74.625269 -64.137634
6.108968 13.033475 42.888789 13.819127 140.420671 40.345096 -103.896797
6.985577 12.782929 42.845126 19.213364 353.837473 47.808659 28.182501
6.403798 13.255989 42.916298 11.116045 40.231589 83.400927 152.157537
6.672159 12.810138 42.736797 8.796862 323.747887 33.987370 -133.339838
5.967961 13.087070 42.806629 10.559077 151.150804 40.760503 -79.544236
5.926163 13.244816 42.887223 4.515241 179.352062 55.429245 -134.483723
6.055292 13.094260 42.870536 15.324132 344.065525 28.203663 -131.037076
6.448328 13.273159 42.813437 4.031761 171.421276 32.337490 71.994310
6.223389 13.137772 42.751453 7.137868 113.877733 51.159124 -118.252968
6.555111 12.880266 43.036189 17.183897 155.492423 31.386431 84.858268
6.122716 13.092946 42.915117 17.893752 167.727730 42.495145 -85.391163
6.221297 12.952985 42.927413 7.808861 342.647202 20.531879 -103.320471
6.649832 13.115040 42.724286 9.728416 136.580835 46.161200 -80.850779
6.500931 13.100566 42.905162 20.403062 123.104483 80.717869 165.417071
6.533604 13.217886 42.926211 7.515719 173.729086 39.503968 102.232196
6.124324 12.954052 43.070650 11.846409 177.181811 27.713890 115.423398
6.606726 13.319791 42.811254 20.058468 52.538678 31.491409 -177.801034
6.307221 13.206540 42.778786 12.485604 338.981954 64.960242 -31.383835
6.630986 13.307356 42.710730 13.454430 143.497652 26.209558 106.564677
6.376054 13.201855 42.812838 8.761401 176.266425 31.640832 83.463328
6.694781 13.182653 42.726129 12.168284 165.968667 33.052989 57.917362
6.495505 13.165708 42.803683 12.947926 144.672352 26.150607 99.312597
5.991753 12.968029 42.838472 9.057255 348.723726 32.610107 -79.904253
6.637838 12.869549 42.870770 4.866719 140.867639 53.487804 -106.291042
6.081891 13.038370 42.785659 5.515464 176.832909 45.417871 -49.980907
6.947270 13.662574 42.773096 16.545150 146.961732 32.030249 67.707315
6.114303 13.073352 42.835250 9.509267 162.341195 13.350765 64.148597
6.317273 12.882575 42.804304 11.632475 159.046064 56.969571 -78.610778
6.361594 12.915756 42.984850 15.063016 163.575193 42.079603 -81.027961
6.590313 13.207396 42.664750 11.348022 156.622524 32.104228 84.007269
6.827330 13.241543 42.637059 13.789265 108.782147 55.538550 -133.428600
6.637685 13.018615 42.880961 20.691171 326.117155 32.132626 -76.293130
6.699065 13.069288 42.966374 18.254531 161.710308 52.169974 -50.985530
6.898880 13.267309 42.646265 5.569873 177.964058 59.215583 -68.978754
6.076855 13.196284 42.816909 15.980470 171.779496 40.143176 -46.013060
6.411683 12.908641 42.893929 3.192118 167.190150 24.151768 94.238012
6.435539 12.919418 43.084034 14.446043 171.696958 45.767744 -77.701521
5.891968 13.100028 42.800098 14.308720 355.355985 36.495627 -72.696916
6.461733 13.050365 42.947222 13.481206 175.366810 53.541687 -119.581566
6.810317 13.190731 42.473504 5.341331 109.499786 33.956928 -50.561107
6.281085 13.139402 42.819451 13.877281 288.571521 47.959320 157.195754
6.630211 13.283242 43.041369 11.786203 227.373790 26.164661 116.188918
6.821941 13.459403 42.938212 7.188697 178.907090 59.482840 89.974127
6.647920 13.011772 42.672289 13.257732 221.031322 58.785479 -121.194170
5.909279 13.226104 42.802440 2.325370 298.082663 51.126400 105.466301
6.368156 13.159905 42.731925 14.674950 39.089503 81.558550 -43.327717
6.184485 13.019421 42.799315 17.916958 176.049052 57.126057 -80.189650
6.813778 12.367990 42.637173 3.705505 137.567646 34.122808 -91.377802
6.993907 13.143272 42.816221 9.365234 196.090946 57.439974 35.805689
6.478474 12.961975 42.903562 16.667858 15.356833 83.959640 12.994240
6.815969 13.014523 42.562823 11.037264 283.773237 25.702700 -100.839015
6.523102 12.820182 42.992610 6.037653 335.910531 42.199035 -70.770873
6.178655 13.120049 42.920058 10.807964 164.356044 25.075738 92.629635
6.500709 13.006905 42.755707 11.630674 322.795349 23.799143 -68.846002
6.277676 13.144892 42.841490 4.707727 13.084411 82.426962 -41.756911
6.852359 13.298144 43.038192 12.075860 147.834011 37.267765 65.373537
6.755342 13.168383 42.721794 8.986868 144.148999 47.209854 -85.000889
7.107828 13.312615 42.544287 4.279645 131.791923 12.699538 100.327262
6.764943 12.855585 42.565665 12.523492 322.750315 30.812110 -55.527181
6.474470 13.121360 42.831827 8.367431 326.400552 41.677918 -149.986576
6.283888 13.137290 42.854516 3.624497 34.134623 81.933226 -43.982958
6.688288 13.209269 43.115767 16.924330 9.389030 28.105730 125.851640
6.995219 13.359456 42.937283 5.698214 164.958913 23.058708 51.385644
6.190551 13.146767 43.024176 8.030457 164.694460 27.871104 167.220784
6.285993 12.933753 42.782500 11.165727 290.736732 15.266019 121.834129
6.813899 12.953872 42.935618 12.415975 94.905875 84.749333 -29.894175
6.665684 12.953777 42.642956 9.420521 359.549361 53.635957 157.827997
6.330289 13.243289 42.930996 12.592609 163.605281 57.526455 124.318014
6.975855 13.146920 43.035678 9.396010 172.723547 34.109075 131.158818
6.427917 13.179171 42.825476 10.449128 316.684369 27.825095 -113.023879
6.537992 12.781219 42.737427 4.467747 177.071387 34.421767 -73.398959
6.750634 13.074481 43.064170 12.467308 176.748281 53.960697 -85.337739
6.294428 13.054301 42.929276 9.293939 177.290276 35.383554 52.496431
6.053165 12.989463 42.736987 8.131103 319.911711 33.911647 -111.294159
6.270442 12.934495 42.787223 8.309064 146.355127 40.080854 146.187371
6.777715 12.910877 42.929831 14.474666 146.922595 21.675723 -57.802266
6.299205 13.075207 42.871784 11.964670 105.365519 23.623993 -122.738261
6.494050 12.933234 42.918691 15.242218 152.626249 47.368812 -103.917527
6.543946 12.994638 42.828621 6.981766 150.385477 46.428609 -105.332121
7.071477 13.519051 42.905416 7.771306 124.211116 58.407820 -146.551236
6.238510 13.216151 42.728971 6.187992 173.515029 51.530452 -130.170202
6.401172 13.028226 42.885558 9.393857 162.854798 43.580676 -55.398076
6.438882 12.874465 42.823850 14.092098 327.842612 28.950900 -98.291537
6.878928 13.247007 42.924689 4.263974 174.797292 20.250167 122.895077
6.725289 13.121969 42.998874 11.107144 178.862976 45.454171 -121.708730
6.553238 13.023772 42.788506 5.633753 277.345041 66.970178 -138.442090
6.582541 13.086673 42.786005 8.394619 329.000551 23.624794 -125.742014
6.316457 13.133515 42.785912 8.122550 168.598400 32.170422 128.745322
6.151067 13.031521 42.874547 6.458551 333.006254 20.454920 -78.300871
6.505352 13.240189 42.758870 12.751142 324.133630 30.856032 -88.636127
6.450134 13.107642 42.793222 15.873809 161.991981 55.572913 -106.807214
6.822674 12.840611 42.803961 7.428168 165.957761 45.235653 -57.073533
6.283995 13.188650 42.888358 11.822289 124.305543 40.613170 -86.343373
6.461078 13.267160 43.002763 9.494037 155.494781 31.778929 103.434439
6.999005 13.012569 42.940598 5.784670 314.273120 53.277988 78.031229
6.758250 13.478466 42.777120 14.047950 334.267677 42.295042 -103.584235
6.654083 13.322765 42.989411 16.832363 138.745757 39.124431 102.499446
6.517656 13.103083 42.697285 7.889011 321.641628 29.172145 -64.853469
5.932985 13.098889 42.820081 9.280998 29.431613 68.152985 -26.654045
6.566247 12.812079 42.802050 4.546028 349.454753 53.186565 -120.901478
6.538514 13.245044 42.805388 10.999451 176.363941 42.090713 -117.554318
6.602401 13.091734 42.926845 5.777634 164.028890 46.776853 -71.767847
6.983546 12.876695 42.537004 6.167818 130.290794 45.305386 -89.454384
6.612204 13.111469 43.016361 20.817856 144.997913 36.677763 58.288014
6.419594 13.128191 42.957332 14.227499 152.884747 43.455384 -117.876756
6.513386 13.404337 42.728341 20.783033 156.591269 53.176979 -84.185800
6.492176 13.101375 43.041765 18.669207 15.631813 27.978158 -106.986566
6.563678 13.435186 42.924517 17.735265 157.219394 21.220219 95.475976
7.006491 13.708606 42.923423 6.143582 278.463414 58.680113 86.650066
6.394777 12.982873 42.920273 16.251050 347.735620 54.440170 -71.175187
6.454161 13.314567 42.635055 16.577376 127.021939 57.985170 -99.981577
6.409299 13.258336 42.863714 16.120581 322.196858 47.813905 -103.089721
6.867650 13.375495 42.657218 8.311034 101.282594 75.734029 -88.513272
6.736140 13.227635 42.825871 21.116629 303.206075 34.144011 -142.641294
5.849820 13.046112 42.844675 16.471512 134.604018 53.513673 -70.912613
6.682376 12.917239 43.027558 8.954384 178.891967 57.758812 -68.913821
6.919270 12.801321 43.044346 3.758252 340.144988 28.922199 -132.554635
6.301732 13.261906 42.781578 21.764201 161.367257 55.812205 -110.061221
6.164035 13.375590 42.826084 16.667548 176.830381 20.253384 94.365518
6.199807 13.013071 42.813857 5.243731 139.367552 58.731090 -94.679581
6.451372 13.299336 42.811844 14.641428 80.096479 49.894911 105.687370
6.424964 13.143435 42.893808 8.922828 97.732916 13.186226 72.975974
6.881593 13.089099 42.805944 13.403518 295.366137 30.216971 -108.766781
6.783909 13.023307 42.761956 15.306850 168.036763 27.147686 -74.676426
6.698388 13.189219 42.671829 10.507291 144.915072 49.587933 -61.436768
6.219732 13.329333 42.817961 15.962318 282.090980 47.880240 -49.941320
6.710169 13.323801 42.889628 23.829193 147.711575 34.164193 117.209058
6.465553 13.008546 42.852165 12.910906 164.406974 11.877915 77.691346
6.669657 13.230847 42.759704 5.226585 140.639236 39.787197 46.479728
6.519827 12.776326 42.725356 20.224301 37.828895 14.868905 107.883314
6.113395 13.050867 42.691974 16.277338 236.049199 54.771558 -177.994922
5.881093 13.194108 42.771764 8.992436 0.528447 62.005015 91.665126
6.755753 13.043146 42.784877 7.253182 76.150179 76.902300 -90.345054
6.778518 12.905880 42.627082 5.926481 338.561459 24.433195 -126.715880
7.163978 13.292734 43.311885 12.382614 166.628288 43.587188 -135.792881
6.412842 13.101699 42.716854 10.931502 20.786548 20.558871 51.114927
5.909409 13.172551 42.829645 7.046887 39.441061 63.028795 29.022661
6.922294 12.897644 43.059499 10.251387 50.678562 88.272071 -151.595821
6.331946 13.319979 42.868592 12.681368 173.016351 25.996027 126.050009
6.580507 12.996953 43.123670 15.177509 263.744461 10.269764 106.387783
6.322560 13.080646 42.658417 4.003409 5.559046 27.954282 -84.170627
6.386382 13.353886 42.710735 6.304803 152.179635 21.539071 114.214658
6.475254 13.467965 42.925614 13.642811 50.445030 14.603657 130.222461
6.505736 12.954477 42.842883 6.936223 356.762882 53.865659 -131.594627
7.045309 13.520611 42.918768 18.637312 167.960118 51.025396 120.500253
6.522575 13.381114 42.944187 6.041626 297.997152 23.121623 112.676367
6.200577 13.031311 42.820131 3.855819 159.093228 84.072119 -169.838409
6.561810 13.396183 42.889568 13.622736 106.623988 44.856966 123.618466
6.561784 13.580015 42.887604 7.508992 149.733007 58.960061 85.200668
6.786212 13.266917 42.774884 7.730015 149.890132 30.291457 104.463153
6.486838 13.360734 42.899523 3.375960 91.208174 30.607341 119.516693
6.312645 13.031207 42.987710 5.750656 177.458432 34.417040 47.059296
6.943656 13.011419 42.592817 19.950699 59.026030 45.224146 106.905073
6.765763 13.261093 42.565559 12.400118 175.193963 84.106544 142.646541
6.093390 13.245547 42.849467 4.286159 326.707005 50.913850 -86.755602
6.993801 13.126792 42.346043 15.256560 217.722986 56.536733 45.147006
6.841463 13.032006 42.628305 7.203166 339.718730 20.478837 -63.156369
6.061596 13.157888 42.806404 10.907254 308.556286 31.607674 -4.758216
7.305483 13.575759 42.935296 10.806753 140.831004 49.766703 71.293192
6.103461 13.158225 42.815378 12.603878 154.772950 74.690340 137.783200
6.517632 13.123602 42.974037 7.975425 226.713656 60.054975 30.549072
6.493171 12.907891 42.952289 3.787944 172.398574 47.555836 -119.466862
6.156001 13.097713 42.814501 9.912244 104.117904 61.203063 -17.081036
6.139747 12.931145 42.917153 10.099198 171.451068 50.392570 -92.730807
6.761923 13.004784 43.070389 10.273870 229.201764 26.568749 125.244760
7.129285 13.861536 42.966244 14.157108 357.285720 44.184671 104.315525
6.365188 13.173858 42.859015 11.660240 212.274434 60.119629 -84.739534
6.653752 13.144732 42.591737 6.422146 331.855000 55.589470 -131.671523
6.424389 12.981199 42.747660 11.873502 340.409178 22.332942 -66.298851
6.752420 13.231395 42.867077 12.177029 148.469004 22.275612 100.672524
6.335749 13.176909 42.691269 9.444325 315.699943 42.198763 -120.892702
6.574715 12.845397 42.729780 11.384193 172.739421 61.825417 -133.179042
6.435032 12.911651 42.777191 7.891209 196.237693 44.041935 -64.303532
6.670293 12.855896 43.130871 4.293997 140.213366 24.358139 -129.832712
6.365788 13.122629 42.767327 8.077011 172.890214 44.476309 -124.780380
6.785825 13.579220 42.967597 11.378688 173.595469 58.377627 92.433700
6.735063 13.002821 42.855647 24.024483 217.036928 23.375802 -132.499050
6.455849 13.159292 42.715341 10.878582 11.205072 56.812934 115.989523
6.792491 12.835924 42.825767 5.483994 269.023536 70.370832 -27.051913
6.556323 13.206987 42.937472 8.443181 152.967310 27.947338 82.719644
6.551950 13.317938 42.755053 5.481837 353.186109 58.321457 -122.731366
6.973762 13.379692 42.767579 22.303650 149.832048 46.725719 -112.535150
6.572827 13.497163 42.770154 21.013317 305.634804 23.087754 80.210454
6.190293 13.215349 42.739531 20.341372 310.071126 40.343909 -62.659434
5.985520 13.142670 42.887737 11.712067 93.010391 43.853586 -103.896200
6.250187 12.984333 42.754782 12.918356 77.862887 23.998116 69.557711
6.989605 13.632401 43.524950 9.340432 145.649435 38.152907 108.885511
5.933510 13.180946 42.752821 6.621718 152.842342 36.814613 92.583707
6.700621 12.885107 42.867091 3.311346 323.968316 32.938945 92.538389
6.316170 13.179767 42.903015 16.635569 67.874997 54.726644 -114.461454
6.157200 13.253944 42.740378 11.068779 165.211673 41.065646 71.344418
6.632671 12.959959 42.873152 11.963128 287.065749 59.956850 -131.647588
6.291614 12.869237 42.781051 18.446968 357.429323 33.264094 -84.275231
6.409645 13.051114 42.831869 9.518702 340.616352 40.520826 -65.395273
5.823972 13.060902 42.904532 8.662988 119.683102 43.413187 -130.315954
6.381084 13.070758 42.914997 6.288961 147.695988 28.246098 78.923242
6.561039 13.005156 42.946755 6.159031 143.209904 25.720643 107.974251
6.372503 13.058832 42.701248 4.229250 175.571524 41.031178 -101.893932
6.303412 13.070789 42.770560 4.514654 357.742472 26.965120 -57.330055
6.851887 13.460698 42.910563 4.838931 169.582494 49.623865 90.396454
6.669919 12.590072 42.827610 3.573718 348.138789 39.033005 -125.639781
6.644174 12.638398 42.879759 12.759121 359.146220 50.313674 -58.790122
6.877749 12.598842 42.752647 13.253038 167.956836 26.488185 -54.883317
6.968461 12.754080 43.133446 12.780523 182.506215 77.124394 -108.923896
6.215673 13.202287 42.863603 3.965767 338.845894 43.445445 -134.763272
6.458284 13.008442 42.723675 13.330700 160.666609 59.488905 -112.232717
6.102127 13.067909 42.815033 12.474265 337.772113 46.723508 -93.232264
6.568927 13.273741 42.622916 13.051502 175.283414 41.051452 -89.489708
6.705181 13.282239 42.749331 26.481303 139.850163 42.707588 -99.655104
6.928860 13.015323 42.977891 17.700748 174.335592 48.359421 -74.401083
6.906481 12.773611 42.915207 18.083435 178.513879 42.722209 -70.085520
6.619787 13.100044 42.780813 13.053972 324.758254 49.438595 -54.282454
5.788750 13.095854 42.838025 11.824533 338.691324 49.716001 -76.440856
6.623086 12.864935 42.729155 6.870558 58.326969 80.800906 -37.856576
6.368681 12.949196 42.810239 18.816324 291.300185 48.146580 -107.244908
6.340810 12.925427 42.784879 11.635616 112.126154 14.724636 -79.683695
6.667799 12.735797 42.797396 6.029936 323.782761 33.570731 -127.287657
6.283428 13.214095 42.858024 3.817538 150.233991 23.562861 91.187262
6.270268 13.130831 42.879437 13.827057 336.817700 23.292552 -129.698283
6.713613 13.059011 42.789852 5.030017 159.412601 41.570006 -94.382520
6.772786 12.998287 42.749604 12.628726 138.292447 53.879774 -77.303124
6.343047 13.193744 42.806933 12.169084 13.428445 43.240486 -62.182943
6.881108 13.180406 43.098798 11.532905 139.608220 31.081278 58.623985
6.557966 13.293446 42.607865 18.890724 148.339289 58.108810 -128.452226
6.300180 12.923847 42.886729 11.389917 350.591579 31.200774 -46.933405
6.657669 13.060272 42.620787 16.472229 321.330960 36.271341 59.422257
6.720853 13.300365 42.708353 11.281395 142.589253 28.945033 126.774644
6.392068 13.319734 43.042847 15.263484 159.672829 34.911537 129.742605
6.452184 12.915564 43.052057 8.853771 135.871311 44.441431 -55.554767
5.550198 13.108444 42.855880 9.658149 148.872734 41.534782 -107.533703
6.740679 12.940329 42.701582 14.835626 179.631892 52.511446 -100.510958
6.634245 13.323130 42.875001 14.261768 160.487882 46.436123 -52.557291
6.023082 13.043342 42.764122 12.596698 168.264279 41.176878 -81.477060
6.940867 13.115189 43.190085 22.624800 10.008097 48.562202 -11.663049
6.424378 13.310114 42.896323 10.143813 172.987359 37.778505 74.110369
6.396742 13.087831 43.097578 12.052071 155.113913 50.241569 -62.685911
6.309539 13.106282 42.767152 4.552443 146.002357 45.319736 -103.401989
6.116589 13.110850 42.766147 4.024444 160.480928 24.724047 55.665803
6.790024 13.107975 43.025269 18.867564 8.481379 89.605038 64.588581
6.831050 13.050669 42.626982 5.862318 325.878198 34.667346 -96.822798
6.747359 12.901860 42.883589 6.506365 143.985943 55.300004 -131.176506
6.331192 13.288110 42.673363 14.925288 320.271082 58.720067 -76.116956
6.744803 13.156862 42.827735 4.043221 85.755823 43.089681 88.334302
6.339983 13.150643 42.893402 6.334015 166.384476 56.672166 -87.830843
7.278510 13.196774 43.024175 9.084520 272.338925 79.021363 48.327162
6.532733 13.148573 42.833906 7.140035 153.675924 23.650725 97.082928
6.533860 13.296687 42.815440 14.923907 6.986742 84.859981 -35.483917
6.701735 13.341273 42.847509 4.589664 152.266442 57.862049 -111.811246
6.197443 13.084027 42.785167 11.673260 171.689678 63.430395 -115.087124
6.107318 13.227196 42.924572 6.967743 101.566326 51.308266 36.983206
6.764329 13.117508 43.052265 18.352484 350.286624 42.624892 -70.076312
6.669435 13.160631 42.882028 17.014304 168.734690 43.530590 -104.642634
6.654192 12.851663 42.878584 8.316850 341.604212 24.980554 -123.610697
6.587230 13.135746 42.821286 7.086742 37.853337 75.446343 -118.471981
6.238298 13.245270 42.699622 11.214490 143.477112 25.791118 54.208814
6.786764 13.109540 42.655407 5.912481 90.776456 47.147412 -90.439221
6.565065 12.773631 42.733973 4.756189 353.250296 30.244467 -78.973131
6.442059 12.795409 42.885839 9.571546 32.687157 69.956869 34.015371
6.229317 13.112673 42.683927 7.624700 178.708077 52.815888 -121.128056
6.104243 13.082207 42.853618 16.830958 122.965549 49.274049 -48.958328
6.173983 12.989373 42.817320 16.166637 129.246359 74.191885 -171.676700
6.413528 13.204396 42.844218 6.662225 163.445567 28.451725 71.354388
6.317301 13.081000 42.888997 11.760402 154.628471 70.282358 -56.771630
6.969080 12.742704 43.101827 25.121701 151.511714 47.044333 -107.492648
6.222524 13.037284 42.781676 13.264216 156.698257 55.602541 -61.700215
6.722904 13.105786 42.732734 21.184915 327.538282 31.384032 -89.255125
6.703529 13.083915 42.855149 6.902006 99.478650 87.687429 -50.179469
6.298260 12.991810 42.737298 15.932816 337.238808 38.111740 -57.632270
6.330870 13.106421 42.878021 11.993962 144.113514 59.535149 -108.059435
6.594185 13.031094 42.900651 3.684512 36.634960 45.784670 46.158178
7.067169 13.237942 42.581069 9.243843 17.350880 85.219063 -16.329850
6.281422 12.915142 42.882390 10.742300 346.940196 51.063913 -144.245363
6.519402 13.353367 42.784773 8.340413 165.963633 54.030836 -49.075721
5.966559 13.069635 42.860129 4.457731 326.323494 63.878682 166.677398
6.462336 13.022781 42.905768 10.273123 160.825962 40.021407 -91.698455
6.883030 13.305287 42.598313 7.411829 70.847696 88.702059 33.948896
6.562546 12.931943 42.512203 12.163075 333.297618 33.466586 -58.436668
6.427913 13.121735 42.600283 7.334856 304.073604 59.345425 -63.468386
6.706766 12.743392 42.810019 15.175764 359.562975 24.238590 11.865582
6.467814 12.898865 42.856700 9.042571 13.270100 61.506225 23.769606
6.520597 13.186680 42.908595 19.466275 45.858487 36.238191 18.567449
6.570538 13.074388 42.743444 10.654529 162.999246 47.667087 -69.158328
6.330732 13.217136 42.826721 6.478358 161.490223 22.264771 49.017816
6.237636 13.254784 42.845187 13.683521 144.379930 28.811410 54.931405
6.142634 13.118411 42.746315 4.747559 44.225125 67.315445 -86.989976
6.711346 13.028011 42.511921 15.095979 334.998946 32.962202 -75.619113
6.792473 13.398446 42.884059 17.035645 166.964766 30.849080 73.504349
6.859512 13.110790 42.360771 10.017471 163.712846 47.199383 -70.147209
6.383316 13.122050 42.822108 14.302659 179.877024 54.083410 -134.894273
6.452936 13.137070 42.917659 4.090033 13.005528 73.650966 -43.367861
6.738119 13.109354 42.565102 17.837108 99.488122 40.407048 -59.517338
6.650234 13.009976 42.950857 5.156591 142.568293 50.372606 -96.992439
6.799913 13.127485 42.814282 5.798462 59.077844 87.960153 148.339555
6.404660 13.086098 42.875406 10.023952 3.525061 59.721555 110.587193
6.435740 12.899463 42.882487 17.660613 187.193566 37.876384 -100.662557
7.002194 12.957840 42.876672 9.558301 134.271817 21.232868 -113.257397
6.244228 13.120087 42.870591 10.417998 141.734438 25.583421 89.518873
6.757973 13.392904 42.767515 7.748310 33.474043 21.030245 125.124852
6.525044 13.418278 42.812360 13.844654 10.966963 50.041689 69.374241
6.849034 13.287185 42.810639 9.003137 318.120280 58.494509 -122.475276
6.571296 12.965496 42.793291 7.114189 114.161737 67.929672 -91.296254
6.460027 13.142247 42.851036 4.340167 294.474181 24.667800 -115.213836
6.409477 12.855812 42.903487 12.282671 302.365881 66.133178 -125.063595
6.489343 12.971895 42.793143 11.988209 354.096238 76.086812 -133.281481
6.573368 13.067996 42.870820 5.811216 143.468528 58.314728 -102.132508
6.275206 13.105928 42.935876 8.950634 12.861227 11.419517 37.266524
6.462002 13.140217 43.098710 14.069377 112.181956 41.095394 -122.732682
6.143940 13.061588 42.761630 22.565846 338.246107 42.113709 -82.952936
6.805882 13.130425 42.663008 6.047405 173.160106 74.716332 -42.775777
6.278329 13.144395 43.013261 9.956378 147.232064 26.725821 52.328386
6.346188 13.172343 42.726513 19.716139 167.238386 54.335578 -57.551401
6.942075 13.044240 43.038453 19.173638 357.593081 53.214022 -90.879301
6.297352 13.187104 42.810557 12.113511 288.861181 34.114043 -115.575697
6.192874 13.146281 42.756509 8.004915 162.816230 48.148935 -118.442178
6.431376 13.130632 42.908941 8.767370 165.007577 34.169859 88.247946
6.223995 13.150859 42.917678 13.792093 168.602402 25.909847 68.364202
5.978466 13.034861 42.823508 3.792812 317.637560 30.484146 -126.315292
5.993857 12.979233 42.793129 3.955625 299.557213 43.400047 -141.694208
6.596597 12.898017 42.709937 3.402304 327.727492 39.762033 -111.872090
5.702134 13.137675 42.836476 14.479025 157.492405 38.283251 110.767927
6.802066 12.732459 42.961055 15.657254 327.149353 32.259956 -50.642368
6.410396 13.295206 42.904744 4.030912 92.412322 89.170699 -52.092864
6.618045 13.269259 42.556301 5.657713 118.545349 52.247290 -72.686872
5.891371 12.930215 42.861477 6.084018 346.659656 37.902821 -106.784666
6.513662 13.071597 42.960637 12.106073 159.784781 29.990446 131.390139
6.737604 13.140315 42.980466 9.596888 137.303986 34.494161 -84.331243
6.758809 12.931589 42.735990 11.740424 188.642399 19.387436 82.372702
6.347053 13.234587 42.910733 11.278864 151.804231 38.157990 122.739346
6.620902 13.078253 43.026926 4.983253 145.717267 84.033047 -26.505110
6.187685 13.004468 42.760435 11.484624 358.762451 11.813687 98.513201
6.568623 13.125542 42.765714 4.923785 159.015473 42.422417 -118.417160
6.526243 13.108328 42.781325 3.984296 111.744888 59.495278 -109.475674
6.444275 13.025332 42.704595 7.389457 160.658539 58.211530 -63.099128
6.141704 13.013437 42.799343 18.501427 349.272238 71.504422 38.339413
6.650632 13.815817 42.874515 13.312945 163.067713 52.396515 79.826639
6.474060 12.970672 42.662775 11.508806 307.948771 46.101070 -122.247416
6.697378 12.780217 42.750893 14.469588 359.229296 29.188698 -109.063785
6.393225 13.343151 42.862416 10.292332 309.735030 50.642622 110.055060
6.841438 12.514289 42.871126 6.120680 348.990165 24.894731 -56.191887
6.707495 13.192869 42.582323 9.478569 164.083159 56.282666 -85.585425
6.324031 13.088645 42.876483 15.880553 322.758706 55.403279 -51.760664
6.287113 12.954183 42.797072 5.712933 151.418483 56.446413 -53.918827
6.098912 13.016209 42.898558 2.062324 143.090114 30.107623 104.149515
6.122381 13.221329 42.886585 11.244996 168.695837 27.178753 64.309821
6.160709 13.030522 42.789582 9.726218 110.989059 70.297499 59.890371
6.804349 13.097108 43.037920 21.717930 326.767194 25.061220 -95.482610
6.674668 13.086901 43.008214 3.587003 161.704830 39.018193 115.825400
6.934322 13.168034 43.237567 11.375136 172.434649 22.818758 68.193253
6.531851 13.073450 42.713807 7.929584 148.416471 40.991692 -55.418968
6.620704 12.932844 42.751389 5.081088 1.433672 41.417559 -86.714344
6.059053 13.169796 42.864519 8.958246 139.461535 57.308941 -133.864452
6.787010 13.074383 42.842338 14.485385 326.580904 21.178979 -112.342222
6.678771 13.039399 42.913111 7.077478 313.029280 36.348065 -81.220921
7.248261 12.776866 42.834142 9.899629 150.591715 51.957450 -117.483197
6.730783 12.768165 43.048405 15.785627 327.865970 26.688035 -124.731741
5.519116 13.160241 42.841981 20.554424 64.769862 49.475942 -88.493293
6.346083 13.279041 42.819022 18.441597 102.648692 81.933228 -52.877470
7.137199 13.442890 42.936991 16.782424 160.641068 33.292960 50.125313
6.880545 13.273288 42.916635 19.575694 101.296086 31.293739 102.333251
6.557488 13.189296 42.654266 16.305515 175.943300 61.958606 -75.698140
6.871250 12.984759 43.023055 9.677780 178.543315 37.106885 66.502687
6.565672 13.255511 42.752365 8.670982 5.902463 88.550807 -87.936153
6.466461 13.335333 42.862163 13.482177 148.009972 36.146417 59.936249
6.340588 12.983619 42.905663 11.094303 89.751479 61.273849 59.717752
5.971965 12.984552 42.885646 6.563331 272.628650 10.118623 59.320630
6.510935 13.157685 42.794391 7.908882 51.704874 82.477238 102.237724
6.414922 13.185363 42.978003 11.983223 171.257108 22.250544 126.718003
6.475604 13.006892 42.768559 7.520543 141.626761 46.455143 -98.567141
6.222351 13.007522 42.739062 11.127126 152.519188 80.996499 -1.525046
6.172540 13.191948 42.598090 17.638559 103.743271 56.599595 -132.643825
6.728690 13.116079 42.721318 8.557030 149.687576 27.373975 126.221405
5.972136 13.006611 42.836083 18.591347 357.538298 32.759083 -134.897860
6.548838 13.215598 42.802058 2.776797 146.424289 29.986883 91.513543
6.782192 12.919922 42.938912 12.731190 216.104824 59.936522 -120.585651
6.342521 13.025833 42.888922 7.234762 295.167914 78.752106 -65.350437
6.622031 13.292156 42.939944 2.798412 153.240557 27.710208 124.808725
6.473424 13.336511 43.024051 15.820205 278.986179 69.149525 65.310786
6.330941 13.115971 42.820355 13.354880 164.784333 26.568476 91.031348
6.716561 13.267028 42.784524 6.039959 160.430806 14.409698 146.243605
5.986050 13.090998 42.923959 8.113199 135.370535 56.675816 -66.313881
6.834132 13.356183 42.823765 9.998021 166.826197 30.863471 59.253320
6.678019 13.461550 42.617052 7.119020 156.623073 21.958160 87.648063
6.703279 13.005270 42.930240 6.891696 286.686902 76.715403 178.014515
6.633195 13.342963 43.040170 7.841349 189.769407 31.908317 130.324754
6.467856 12.999409 42.791535 12.729358 177.699899 59.446341 -98.680247
6.625959 13.258643 42.731130 16.848228 163.092840 26.422523 112.963466
6.771422 13.267100 42.728556 10.105814 176.018399 28.130117 47.605657
6.446675 13.167905 43.021012 14.029455 104.305766 24.866209 86.872944
6.406561 12.935117 42.861731 8.983878 168.423883 45.902660 -73.325026
6.587108 12.745090 42.885305 7.227677 165.952704 45.622789 -50.746186
6.558102 12.887242 42.883653 9.868309 344.685218 67.249181 148.000224
6.201172 13.075855 42.744316 9.095751 349.740853 24.636373 -45.665781
6.447914 13.279294 43.069309 13.678001 158.776169 21.953349 74.270310
6.815797 13.255325 42.948218 9.610589 61.494322 79.708759 -71.360372
7.295926 13.084727 43.075765 20.708638 95.120953 46.673252 154.951938
6.269802 13.038357 42.758747 8.428393 157.973827 52.773127 -124.809643
6.738348 13.172166 42.780739 4.591962 176.603352 54.324955 -105.220372
6.538624 13.293752 42.899185 11.109194 147.819029 25.283390 103.175273
7.057520 13.103465 43.074026 16.761770 321.722606 58.910844 -58.008488
6.554105 13.044009 42.859388 14.017780 339.032936 33.328515 -87.965699
6.275604 13.100766 42.792508 8.986273 186.461959 63.021193 -136.746328
6.421948 13.360058 42.708194 16.791748 141.039618 82.782052 -86.012928
6.063509 13.068920 42.807955 14.107431 339.366802 36.193069 -103.618481
5.951030 13.049161 42.866882 7.618099 164.938373 40.315079 -94.086970
6.432670 13.104576 42.807700 6.666960 160.505365 57.287061 -69.403880
6.331428 12.881012 42.804352 15.017325 148.796990 42.021716 -123.550662
6.322695 13.176226 42.867614 8.445675 127.461449 38.489489 -0.357043
6.002581 13.107508 42.840885 13.609763 177.207205 51.106083 -67.771427
6.761055 13.322436 42.803901 10.152855 335.591321 34.285256 -122.289497
6.405856 13.094729 42.820943 11.599440 178.347446 44.982905 -86.499468
6.187970 13.002875 42.815489 16.757293 177.124804 47.488379 -103.245903
6.807383 12.990578 42.966589 4.729835 140.212475 51.175591 -112.240428
5.816459 13.053870 42.813462 9.168514 101.786752 52.412213 -108.088655
6.052860 13.020662 42.830644 9.070311 341.962793 57.550506 -111.352983
6.160963 13.352553 42.785993 15.762115 85.942967 85.144386 -168.038547
5.856193 13.139325 42.784917 6.661443 193.585355 58.787385 -95.883670
6.523968 12.972894 42.866573 10.671326 67.224537 21.985373 90.610973
6.243544 13.181528 42.725888 4.954487 136.401660 49.095205 8.707127
6.124824 13.226419 42.783526 10.289268 151.341091 34.305025 113.737680
6.511612 12.975388 42.890133 8.075037 105.981264 53.849243 -178.462608
6.356612 12.938053 42.867278 7.251506 169.699630 53.857536 -57.635116
6.487896 13.188000 42.970926 3.357074 138.676862 35.215274 65.723455
6.342234 13.172454 42.677378 6.286697 277.306998 42.326971 -130.391573
6.544447 13.067958 42.756125 11.777150 140.475947 33.462986 -72.666728
6.777885 13.193868 42.735981 18.138050 161.790385 20.640175 113.285383
6.653364 13.202976 42.782341 11.837685 153.574915 21.763866 66.573535
6.397723 13.143649 42.819255 14.715319 145.976429 30.392728 -116.112548
6.966344 12.795415 42.635656 6.861644 328.681730 50.329662 -96.917994
6.467460 13.017556 42.928822 7.246596 144.812452 44.091035 -57.436159
6.992055 12.793556 42.624161 5.678383 321.884473 52.188952 -73.669121
6.540796 12.952979 42.825804 10.462055 179.229320 46.781583 -103.096073
6.678533 13.026967 42.853345 7.706813 345.155853 20.183897 -119.211500
6.292794 13.135361 42.692838 10.409215 315.855187 44.360932 -92.090492
6.983807 13.005312 43.202807 15.301622 178.530947 24.064165 123.902151
6.247875 13.170425 42.688358 8.900908 151.232513 25.674361 50.487890
6.314115 12.872816 42.947227 12.244243 298.117471 79.885921 -136.175778
6.343324 12.879592 42.720868 11.515426 147.242836 44.902456 -118.035073
6.098273 12.982198 42.876478 9.010031 170.131779 52.150706 -48.338782
6.533029 12.988035 42.675359 3.622780 143.281122 48.705071 -91.616037
6.524476 12.902921 42.991952 17.918521 169.469121 23.728311 -125.955807
6.787471 13.088262 42.782733 15.615744 135.206189 54.966180 -127.484008
6.442114 13.112536 42.887487 15.874415 17.902611 25.071624 -131.913123
6.518952 13.079895 42.854622 8.024123 245.739115 31.105068 91.058654
6.305358 13.275078 42.719221 17.340885 168.693358 30.388412 47.405239
6.348607 13.132165 42.871881 16.975678 165.824546 23.109118 60.708911
6.841685 13.056364 42.801182 22.456133 174.539184 52.678195 -108.693973
6.236363 12.968789 42.962114 8.864406 158.008878 55.238442 -120.707383
6.400116 13.013080 42.888320 9.836996 299.209616 14.973749 -67.830939
6.325317 13.373670 42.948390 17.101313 137.727993 20.561063 131.064895
6.020649 13.024344 42.864370 7.600189 305.771401 58.345130 -121.646765
6.348028 13.159197 42.923086 3.591549 175.934076 35.382361 96.262711
6.627713 13.484668 42.756179 7.868537 141.184732 31.745850 111.813018
6.218896 13.205267 42.775554 16.560569 133.240868 52.857000 -95.873470
6.400537 13.260792 42.736415 15.667742 319.189616 45.057708 -69.941437
6.205016 13.196980 42.771992 4.116673 110.992972 51.833171 17.059346
6.252426 13.368003 42.789366 12.050998 51.823440 83.383400 7.300798
6.632519 12.953976 42.739549 16.931998 218.476247 36.751039 100.235977
6.624260 12.848496 43.037490 15.228752 333.532044 40.661515 -95.651767
6.514483 13.141445 42.895296 7.318099 149.448604 79.147859 48.058592
6.592687 13.008492 42.801348 10.539371 63.430050 40.020587 57.384415
6.869885 13.113227 42.917245 16.980366 334.802080 64.775437 3.146858
6.271813 12.979372 42.863293 9.708564 333.751222 57.753636 -69.454342
6.546416 13.191288 42.847876 11.015694 265.511302 55.842317 71.082226
6.518167 13.063405 42.909197 20.083370 165.955194 51.892302 -92.126545
7.135633 13.063137 42.872440 14.705647 318.567696 57.305715 -110.763579
6.731568 12.943279 42.762089 5.435386 86.938258 87.966210 148.507862
6.648469 13.104770 42.783472 7.170777 21.549504 66.949918 148.458296
6.563807 12.908920 42.821076 16.925280 101.722819 33.984667 -62.140496
6.269129 13.090634 42.839680 17.045481 299.392787 11.036251 -53.463376
6.494491 13.009696 42.818939 7.792928 338.657787 51.887782 -117.058253
6.824701 12.932864 42.730749 6.825645 135.660255 54.374720 -98.158056
6.678725 12.801076 42.834189 10.327883 336.868222 65.154520 26.697787
6.322788 13.050902 42.761809 10.781666 233.364943 74.513112 176.248961
6.507750 13.053237 42.880030 7.845570 330.572407 53.566848 -91.359129
6.040317 13.125354 42.869625 7.653665 341.473389 53.404222 -117.361994
6.211115 13.130020 42.977688 9.859190 320.121053 75.416429 -94.159531
6.309711 13.093506 42.752386 16.254668 149.122160 57.148609 -107.739975
6.321003 12.699808 42.700098 17.902997 125.832477 87.147359 -179.293572
6.619502 12.872815 42.715820 4.613118 326.643314 26.744403 -71.251358
6.372501 13.038572 42.714760 8.087670 163.644277 52.624453 -65.234565
6.531107 13.324518 42.544300 8.928174 139.576206 44.260584 -50.243595
6.191536 13.220109 42.863369 7.160829 161.353067 53.665621 -131.842492
6.457875 13.178867 42.528088 3.733068 357.299432 58.613513 -130.449224
6.463252 13.108309 42.714943 4.419226 255.861862 19.944475 -20.520741
6.647423 13.438215 42.572642 4.766572 93.991816 69.228861 -152.388959
6.008641 13.146836 42.825312 8.268005 161.779081 33.738905 127.775974
6.551059 13.070473 42.769356 2.818975 327.163089 30.687790 -117.594881
6.161174 13.259993 42.738165 12.771453 154.302208 53.202687 -92.471578
6.884179 13.294958 42.922766 19.950345 17.886185 84.160787 171.359861
6.042429 13.064873 42.745410 19.066953 255.144951 53.153553 47.001638
6.386461 13.105408 42.784006 6.923034 145.268623 44.534933 -70.241053
6.779243 13.009435 42.944583 11.489928 71.852385 88.852130 16.155800
6.244035 13.036531 42.775031 6.591537 323.624002 38.216406 -128.789299
6.370669 13.019211 42.859858 6.862058 342.177502 36.107532 -125.675198
6.520292 13.017273 42.958903 13.780974 141.426900 46.332814 -111.146157
5.999943 12.854675 42.881325 9.520812 44.848853 22.332065 166.047774
6.104832 13.111644 42.781640 7.358414 141.449341 55.285640 -134.430093
6.676524 13.608914 42.965462 5.745462 162.579440 50.000838 -86.204224
6.698285 12.941624 42.671875 20.145122 171.885005 85.487545 -18.764896
6.201380 13.314941 42.782685 5.924075 333.477813 59.486792 -34.179548
6.467283 13.164851 42.897947 12.099907 135.464833 39.508311 77.954095
6.530639 13.245496 42.786362 10.367170 179.295378 36.577340 92.038442
6.605799 12.888257 42.728781 14.194090 316.855925 46.496679 -130.868812
6.379634 13.133648 42.979915 2.424179 323.791233 22.751575 -134.891185
5.495380 13.083232 42.895657 15.255638 323.221927 44.286068 -108.335512
6.419404 13.105598 42.645878 9.071841 118.593928 50.249449 -52.184481
6.684645 13.111627 42.912814 4.567563 177.702616 59.123825 -110.817401
6.304715 13.140947 42.739518 13.506071 143.780635 58.178043 -60.981400
6.851732 13.268299 42.646061 24.726790 95.206064 51.259998 -56.120726
7.059606 13.692478 42.741855 20.312153 143.938961 39.708752 77.547297
6.635902 13.392276 43.014406 7.130764 151.243705 20.398119 76.090299
6.119370 13.044382 42.633607 6.638153 155.496721 81.005214 161.528762
6.811948 12.936869 42.751347 5.939881 41.214193 51.545640 122.900651
6.519833 13.070832 42.916014 10.743526 141.774494 42.254945 -46.726770
6.652235 13.331792 43.006015 19.320476 154.028359 22.190007 59.387329
5.970292 13.037359 42.807385 11.111939 315.179748 43.423895 -75.529008
6.406802 13.299009 42.957651 16.687544 176.512348 20.864005 49.826433
6.423008 13.136106 42.920860 12.032615 171.383980 46.721620 -60.233506
6.379540 13.026983 42.946784 6.491643 144.653512 58.294648 -62.643508
6.578439 13.019465 43.037769 12.897547 170.834609 45.803306 -65.077683
6.621398 13.323125 42.986931 12.600696 16.383270 41.043459 127.357486
6.701762 13.108024 42.709469 11.545197 107.538743 83.854506 4.932626
6.410201 13.274740 42.675640 10.932802 156.682083 39.262140 93.442129
6.440816 13.277431 42.989032 13.692766 147.726363 89.841271 16.484199
6.095939 13.113958 42.793722 17.739229 121.761397 23.218097 -78.639189
7.045344 13.177331 42.334438 13.703969 195.745436 49.711747 -125.390200
6.398990 13.327433 42.739124 13.839158 146.274221 53.653092 -83.974663
6.221975 13.180504 42.886545 7.008052 203.408069 55.358233 115.014184
6.131263 13.032722 42.781108 10.620254 142.957963 40.953706 -52.482136
6.211317 13.030163 42.745659 11.189622 145.693073 88.727265 32.040966
6.562815 12.975203 42.873954 5.152450 323.384012 38.517064 -118.119660
6.095789 13.123736 42.876043 8.632427 172.528029 38.957320 93.898340
6.430658 13.314198 42.787325 8.521291 178.520741 41.790379 -116.781670
6.759335 13.177191 42.933108 4.123576 282.688027 29.277378 85.703437
6.263241 13.134568 42.879277 3.862482 163.614195 41.896613 -54.354318
6.200157 13.043855 42.660744 13.215940 323.524522 32.449380 -51.445032
5.892834 13.169726 42.763330 6.949053 145.187226 27.399692 60.762927
6.459208 12.681207 42.923459 5.294372 96.644532 49.954463 -66.777848
6.567585 13.008363 42.814760 4.960163 337.675461 37.008157 -92.327877
6.594063 13.250208 42.887398 12.783543 157.605211 43.070589 -104.314692
7.184380 13.959926 43.159424 19.990352 136.254523 52.947634 111.278363
6.815784 13.301036 42.912412 13.822324 26.030168 42.637157 -20.668555
6.300998 13.223100 42.877520 9.445023 144.981372 54.163328 -74.626433
6.613272 13.368913 42.688829 19.614948 50.266776 73.790263 -28.186838
6.068450 13.191895 42.864193 7.413435 109.100407 44.327638 -120.942693
6.230793 13.194427 42.734580 7.783005 117.970075 55.080222 -116.110396
6.799198 13.334436 42.741249 9.165202 162.718183 57.190401 -77.388244
6.573580 12.833699 42.818549 6.073538 72.957672 64.708957 96.707044
6.909446 12.755747 42.612992 9.152345 114.495841 42.337446 -60.626533
6.086444 13.103435 42.725849 6.722500 238.517103 60.364238 169.529027
6.512953 13.322460 42.845029 6.607531 273.378447 57.175872 132.182036
6.495477 13.084583 42.789732 12.718701 135.676113 57.178398 -122.497290
6.039604 13.178602 42.841375 11.041768 167.705343 22.223540 58.465711
6.908755 13.182442 43.226043 15.674595 147.398559 31.170030 113.071928
6.272847 13.105498 42.753738 10.191973 94.319150 30.726827 -105.567045
6.487768 13.327599 42.966700 22.378814 145.037109 26.629127 110.460199
6.111727 12.931164 42.838177 4.401004 143.058736 51.797577 -129.874825
6.242733 13.277382 42.992569 11.518866 140.896336 20.002803 112.404529
6.195032 12.986049 42.728244 2.387875 327.033143 35.922911 -118.472560
6.408077 13.391199 42.829637 14.383148 168.560436 48.253044 -81.702406
6.319712 13.197355 42.809190 10.053957 204.994773 68.682939 10.424512
6.815310 12.951080 42.968792 8.326936 35.108835 39.293320 112.355426
6.364504 12.960463 42.857926 17.510399 252.425158 42.332190 45.896086
6.361546 13.186542 42.603133 8.748024 95.081467 17.895406 98.331500
6.270196 13.287280 42.932480 11.107821 178.501438 36.356142 98.583220
6.360601 13.192744 42.786585 16.678454 140.106057 31.465966 -158.655978
6.379690 13.125697 42.858260 4.088919 163.040480 23.339938 80.482579
6.977171 13.333806 42.589995 6.153079 175.609723 62.280941 -89.867322
6.372715 13.211468 42.717119 12.957815 333.992740 28.965173 -166.449687
6.228411 13.221054 42.799549 12.438614 356.492941 49.030369 -127.403365
6.603812 13.025135 42.806193 8.550814 99.227380 70.019796 -109.049006
6.546357 13.087302 42.847549 16.861429 158.306841 53.615387 -83.674474
6.516429 13.301003 42.867624 2.965049 157.008516 28.848806 57.858453
6.827269 12.998117 42.857644 5.887813 151.338598 86.230352 -82.206242
6.620514 13.382151 42.995900 11.688750 26.181419 85.062928 32.316867
5.753055 13.137901 42.856884 9.815784 149.207285 30.691246 59.366279
6.483058 13.060366 42.874848 16.996380 358.995176 27.657256 -87.529384
6.325231 13.175114 42.919385 7.247791 145.920495 24.620967 109.451743
6.587237 13.141863 42.820355 7.497401 33.616538 44.276065 -124.665608
6.171296 13.264338 42.877817 6.106092 138.969740 26.632064 45.416198
6.907138 13.124815 42.910677 9.246787 147.639910 41.001854 -85.100038
6.274833 13.185994 42.915325 6.799282 156.185727 27.111425 111.735537
6.614431 13.133334 42.837436 10.504605 162.110527 25.379669 92.102210
6.764185 12.809214 42.749854 8.819052 2.620046 69.052341 -46.243078
6.317717 13.440539 42.954752 3.205293 175.568512 37.017211 131.248111
7.143892 12.820486 43.195502 14.062123 179.371928 59.730665 -53.560174
6.595324 13.081316 43.067189 9.946151 120.408511 75.706568 -178.512449
6.741901 13.167156 43.009895 14.657377 238.645802 36.481771 108.468703
6.563549 13.318385 42.726239 13.092880 179.362350 21.681736 95.208328
6.901841 13.041780 42.690067 15.922349 152.817306 80.797684 26.753399
6.713112 12.844550 42.771901 13.283925 320.023313 30.292994 -66.732199
6.811691 13.011081 43.053615 4.543476 163.659509 47.432729 -123.565980
6.523056 13.219162 42.848755 8.626806 147.893376 23.317774 114.351471
6.582093 13.100165 42.841663 4.734145 318.760373 42.736778 -91.018103
6.477856 13.149224 42.607700 7.926588 106.971183 50.188770 -125.507362
7.203813 13.080973 43.011257 10.706430 153.387669 57.843647 92.397443
6.264429 13.090322 43.021587 12.190157 143.900090 73.270196 -79.134954
6.829575 12.785106 42.821961 27.321628 356.450172 23.499216 -85.839150
7.030232 13.597361 43.033152 7.727955 169.235890 59.239724 95.397539
6.976096 12.876711 42.908095 11.934879 195.753004 29.872979 53.894061
6.135507 13.177548 42.712113 8.654319 218.327470 28.155011 -3.465022
6.347401 13.391445 42.980810 4.871641 163.057869 22.497929 121.669260
6.076390 13.056412 42.971278 10.801596 315.788806 62.290533 174.312733
6.034787 13.055969 42.948373 14.906507 140.320919 48.063259 -129.410807
6.799692 13.118738 42.738136 11.836935 232.402428 77.688278 114.581691
6.271014 12.908015 42.872927 10.325391 335.472326 28.555814 -107.804992
6.299587 13.007763 42.805431 21.195686 121.055393 65.064508 -54.744962
6.563079 13.184898 42.945480 8.256874 6.809451 50.761433 -130.713530
6.706182 13.226869 42.985681 13.076846 150.886939 28.012480 53.809038
6.091797 13.199172 42.713236 10.478808 136.988969 44.053329 -83.861793
6.270567 13.055666 42.922971 16.405463 330.074432 56.107444 -91.062291
6.243943 13.233847 42.749966 10.622703 143.722544 31.380527 132.478398
6.749984 13.080854 42.590920 9.251047 344.156471 55.173599 -111.845313
5.923649 13.050580 42.881062 6.878353 180.168826 70.451973 133.969467
6.512541 13.246079 42.838223 9.033524 303.863400 77.988371 -13.953456
6.645325 12.983485 42.770111 5.829377 145.910297 52.805371 -122.958701
6.190509 13.033925 42.855557 9.444365 330.419166 23.914101 -130.514277
6.766249 13.255805 43.201765 13.509728 50.605945 42.747273 115.964947
6.633115 13.040827 42.872346 18.794445 149.772008 49.987817 -117.972636
6.474323 13.064943 42.900435 20.809333 156.269669 12.736154 -169.973349
6.773651 13.415038 42.559686 17.949131 102.386410 68.774125 -172.437449
6.262382 13.233396 42.970022 21.141140 178.494382 34.718689 119.664537
6.474366 12.960167 42.680081 11.808748 72.817881 31.019428 -32.452028
6.074331 13.109967 42.750263 4.278375 60.256181 59.506134 130.522559
6.305744 13.001782 43.078854 10.143140 137.376388 55.243013 -78.211474
6.140961 13.145697 42.782071 15.887299 157.568631 38.076482 97.462999
6.321504 13.168172 42.961932 10.389471 147.653249 39.970777 47.101664
6.149073 13.010112 42.906489 8.135294 152.233871 27.224038 54.927616
6.819156 13.215376 42.769952 5.153661 179.218376 58.283087 -100.159993
6.782750 12.832564 42.829012 15.181178 321.390944 48.306635 -115.394687
6.524475 13.055904 42.821386 3.807349 200.839298 54.306875 79.897354
6.551158 12.789420 42.978324 4.198304 350.661192 24.459327 -45.303045
6.653283 13.193103 42.569924 5.057980 157.118800 52.653437 -126.864558
5.998815 13.031211 42.888564 9.368291 140.481154 51.495517 -46.924913
6.406428 13.270408 42.702788 7.617223 3.573143 35.458773 -38.198009
6.118629 13.081583 42.874320 6.911690 152.440468 52.014626 47.646753
6.905308 13.216880 42.734827 11.847245 155.728391 58.635801 -95.819778
7.149164 13.207973 42.901170 12.542096 5.539614 40.420071 133.790245
6.382077 13.100311 42.741968 8.651861 114.723961 27.868783 -112.531267
6.275371 13.028462 42.821285 12.764684 336.630545 46.073123 -50.261209
6.462027 13.080112 42.779776 10.185475 349.988128 47.508992 -79.738505
7.131722 12.857032 42.611708 9.356257 319.390955 26.242074 -67.186503
6.615758 13.236233 42.980190 11.435153 201.079779 22.423197 -0.024244
6.676496 13.269838 42.866511 12.320510 166.989640 25.790404 47.150851
6.381365 13.066657 42.649614 14.289777 128.802364 58.472414 -80.412518
6.616451 13.280157 42.685047 12.437976 110.717166 57.865659 107.366516
6.511786 13.098116 42.805449 10.438645 248.517475 22.386966 -170.316938
6.384417 13.100264 42.786372 10.997203 165.831327 48.248371 -124.850201
6.366551 13.149657 42.877656 6.450455 352.776050 54.629343 -93.660831
6.070433 13.105757 42.744610 7.882513 183.234023 19.775001 78.600152
6.560101 12.676745 42.993257 5.813172 139.608565 47.304183 -94.619130
6.271174 13.166771 42.856643 16.784697 145.796315 36.312037 117.887179
6.472685 13.170899 42.914569 7.601376 199.292723 50.464379 -125.509438
6.088482 13.197946 42.710710 14.116873 32.098547 87.089109 -27.862569
6.262529 13.090593 42.808271 4.770971 149.910015 25.306608 -100.699765
6.364792 13.170873 42.868789 14.711332 63.728857 33.398792 77.974101
6.363374 13.077939 42.885297 5.182823 141.701244 27.807552 64.447747
6.698770 13.249152 42.750930 9.327535 337.927532 45.717636 -51.163805
6.686116 13.278205 42.811907 7.079848 253.590249 36.084419 90.885824
6.043660 13.222606 42.816055 8.732303 317.658773 36.756199 129.938703
6.610022 12.791435 42.808333 14.918783 325.661498 25.145084 -72.370567
6.452487 13.134500 43.128365 19.165010 146.806966 28.811003 66.890445
6.311727 13.140633 42.790546 5.083885 151.981108 32.191597 111.904368
6.213096 12.879836 42.824517 12.698119 140.784671 47.138363 -54.139117
6.779114 12.961450 42.796423 18.091417 295.888400 61.131581 161.689637
6.614711 12.845044 43.069342 17.384132 9.993113 12.051466 72.594238
6.635376 13.321377 42.875167 9.035639 98.241935 43.215494 105.644065
5.931830 13.063563 42.850202 13.784971 193.482150 55.535559 86.673277
6.796225 13.281066 42.859304 4.114561 148.503575 29.675445 121.901894
6.745003 12.770930 42.791014 15.730599 346.651885 20.663114 -112.496050
6.083467 13.079896 42.830613 6.666866 98.030947 73.787390 -87.330054
6.722334 13.151076 42.963731 11.788439 139.057519 20.544059 125.244749
6.195612 13.232066 42.900901 13.061481 287.171015 67.445052 99.682694
6.740024 13.355688 42.972287 13.367100 151.538011 31.113034 56.239256
6.225720 13.146300 42.847390 6.605878 273.073425 35.700816 -85.004217
5.989546 13.197738 42.857738 15.847081 82.602507 75.175284 152.629221
6.879628 13.174162 42.711003 7.100685 158.826415 25.543385 103.988375
6.289305 13.055286 42.833809 11.970962 171.073532 52.587908 -54.393480
6.159563 13.044654 42.730072 6.852543 354.944684 35.267740 -78.616898
6.331683 13.174680 42.935555 7.336039 170.722173 21.661215 81.062327
5.730574 13.169087 42.901767 10.040797 147.512543 29.734145 89.406960
6.619018 13.012415 42.906834 20.020421 89.954809 58.351687 82.328938
6.579543 13.092624 42.790685 4.048251 337.607348 22.310902 -115.562259
6.413206 12.874321 42.582304 8.106536 349.819964 29.608149 -110.558134
6.412955 13.309812 42.868351 23.784258 227.536955 72.341435 137.645489
6.270967 13.131189 42.929554 9.261326 276.704340 24.491060 -148.401645
6.811971 13.252658 42.940112 5.815741 38.140869 81.547378 8.931681
6.503333 13.356401 42.772542 11.359862 150.114392 45.481892 -45.307200
6.224736 13.029862 42.878245 9.406174 171.979428 41.325667 -103.893540
6.714995 12.633981 42.683123 8.923756 323.806154 23.545414 -59.558391
6.726439 13.329951 42.616166 4.693065 161.500582 57.858124 -45.463058
6.307240 13.189528 42.746881 12.219123 156.829416 21.048442 86.930273
6.332224 13.265621 42.757913 9.429327 153.360801 44.669816 -115.691965
6.597742 13.011186 42.738973 9.104747 7.587087 41.033375 -95.160182
6.446211 13.203366 42.903607 16.908481 160.465123 23.396390 56.625474
6.112755 13.191457 42.862080 14.318441 112.286330 61.075057 175.804531
5.877019 13.138444 42.807012 7.376541 343.380833 32.273814 -161.415547
6.291989 13.108687 42.882747 14.065596 28.984349 33.848473 -139.624150
6.718373 13.081561 43.044927 12.413681 95.866473 49.982044 117.790306
5.897295 13.026302 42.917715 8.080895 116.045258 45.914155 -41.966253
6.011247 13.265049 42.878726 3.392387 181.879264 49.392635 -52.830118
6.762763 13.206198 43.116538 11.906703 302.833133 65.935551 106.312352
6.248370 13.177341 42.822032 12.838797 130.298275 72.049047 -98.874132
6.202581 12.829622 42.737081 15.439996 335.097769 25.751539 -66.093554
6.536565 13.099693 42.836745 10.573734 46.079032 54.581817 153.973505
6.034970 13.080504 42.847784 16.252022 358.566879 34.232507 -94.401389
6.079140 13.027713 42.782119 6.769444 175.436728 45.537860 -82.997346
6.509468 13.095956 42.763923 16.976830 318.137076 31.945920 -74.674292
6.451024 13.213071 42.866274 13.261626 166.916034 22.728644 60.891308
