6.620792 13.231434 42.793040 5.363652 132.456431 85.463250 165.683171
6.608045 12.997575 42.827124 11.108206 326.967936 26.744655 -125.024175
6.680822 13.174315 42.708067 10.461510 48.325745 85.683646 -29.513420
6.513086 13.198477 42.949095 19.858577 139.764296 30.861649 71.545224
6.489039 13.179991 42.736066 7.903026 198.910929 27.426299 -41.437761
6.184269 13.138688 42.683396 12.785092 103.324782 61.311340 -129.563395
6.129287 13.120048 42.876136 6.057957 231.149911 58.386182 56.197508
6.505929 13.187428 42.929945 7.441223 142.329571 27.126293 86.939805
6.552465 12.710804 42.909062 10.554675 46.691110 40.798908 67.693794
6.273962 13.228692 42.850337 8.097853 63.062059 71.217001 -22.748750
6.737241 13.190334 43.113918 14.468693 244.503787 57.262403 56.968279
6.123758 13.141846 42.753656 9.750468 218.182916 62.305180 -25.972751
6.450427 12.991757 42.719391 8.918167 235.983873 21.131824 72.778429
6.451582 13.159323 42.877059 7.624158 135.694104 38.415166 92.132475
6.143762 13.340043 42.878292 4.071788 170.020869 35.205010 -104.900542
6.764442 13.019439 42.710417 8.459983 326.551133 28.429766 -133.786857
6.904227 13.197984 42.839968 17.694715 320.652085 46.429846 -97.312210
6.416551 12.994993 42.917681 12.948796 117.016093 57.810465 -66.596859
5.736574 13.204994 42.843252 7.878380 157.011102 20.876936 -144.838555
6.763603 13.002849 42.731227 8.349006 161.604194 53.939292 -88.075858
6.346929 12.791208 42.960000 8.064185 208.779557 19.007775 103.559354
6.799345 13.096223 42.660910 16.833691 200.768438 78.083559 -65.817829
6.502991 13.067018 42.629530 11.694169 122.013344 48.412492 -64.659106
6.352888 12.964876 42.807874 10.356313 151.103124 31.390549 -82.258815
6.059339 13.103340 42.835909 14.694636 326.753366 28.411211 -45.654880
7.323090 13.560582 42.632743 17.200014 200.578574 33.835703 134.454037
6.026329 12.988780 42.821213 17.676303 342.628448 24.409573 -51.296672
6.151203 13.165265 42.907336 8.529858 20.131378 60.261723 -95.772449
6.595570 13.018005 42.597845 9.265826 129.505006 31.409952 -140.350080
6.609261 13.370387 42.682816 5.810580 179.964639 37.138939 52.581761
6.370364 13.040923 42.875584 13.475067 350.862644 28.076615 -59.364950
6.809509 13.442732 42.828541 4.946213 144.317209 33.782009 100.882895
6.535486 13.235120 42.865635 24.425317 171.651224 25.427415 103.752991
6.371939 13.204063 42.700606 20.830736 328.971995 20.802544 -110.341829
5.944909 13.173051 42.824085 6.559169 160.691762 50.503107 -114.984810
6.730783 12.911170 42.742094 10.170452 256.440798 27.111270 -151.323772
6.730267 13.279420 42.860869 19.386510 171.243614 27.541710 93.973875
6.056531 13.018596 42.919196 7.336356 149.877984 35.008814 79.016883
6.368269 12.903454 42.967493 8.153643 144.312033 48.732607 -67.265865
6.298050 13.181980 42.752835 10.540299 292.423541 65.313477 -48.727177
7.059979 12.947109 43.170075 5.082155 136.286050 39.605521 57.721457
6.271572 13.033536 42.909663 14.184403 62.919709 47.806019 99.683211
6.738339 13.028529 42.774062 14.059582 248.235664 22.204394 -137.016048
6.469670 13.093333 42.978270 3.727742 146.376919 57.194935 -106.716040
6.869814 13.198321 42.793300 12.715976 173.872884 40.712916 -54.026748
6.362117 13.238220 42.969215 15.073102 246.678425 56.685856 94.934221
6.414392 13.212354 42.848142 11.316712 159.727640 58.937315 -114.844131
6.558113 12.788835 42.793664 10.043053 3.495441 64.285553 -31.517206
6.337383 13.150142 42.707839 7.665402 143.734952 21.610950 45.760015
6.431275 13.144921 42.702077 19.118256 125.189788 51.492711 133.460971
6.842788 13.013328 42.673042 22.869575 144.434287 55.226232 -131.903624
6.264767 13.117804 42.778532 14.359433 155.328013 72.942117 96.177777
6.506162 13.147559 42.698187 17.706896 174.271715 51.127264 -45.288532
6.281398 12.988470 42.819709 4.551978 101.920391 55.620580 -78.827054
6.598882 12.742726 43.078295 14.092397 302.966813 49.199550 86.702353
6.351383 13.270709 42.887868 11.222977 183.269624 45.543541 48.977335
6.450036 13.086894 42.867570 13.312082 158.428713 53.418716 -110.783574
6.333491 13.166252 43.031128 8.836001 103.232651 21.420830 110.113708
6.656546 13.075712 42.916123 15.266985 303.115687 40.540448 83.546533
6.454222 13.171791 42.952402 12.337585 135.857822 31.918748 121.652250
6.570821 13.292218 42.972663 5.019649 136.229307 23.154135 134.809569
7.275051 13.655236 43.030564 22.380290 118.918949 60.726996 -179.640565
6.272056 13.039863 42.855256 12.166403 126.105259 38.662868 -50.175490
6.697857 13.166755 42.660508 3.024324 280.141793 20.580790 -115.924754
6.029195 13.100512 42.800680 7.806814 115.818605 42.360508 -39.870863
6.811454 12.903629 42.940768 16.184852 80.100754 86.612473 11.645879
6.535378 13.088911 42.990284 6.786272 338.536508 56.902287 -71.490983
6.158769 13.057554 42.808630 4.834529 149.775140 49.912142 -116.174702
6.023625 13.162553 42.981308 12.890639 254.378243 43.570323 121.006342
6.643065 12.817959 42.874262 17.958568 165.818125 44.072491 -96.788107
6.436574 13.264440 42.734458 15.385848 173.949930 23.913103 79.223526
6.313005 13.207917 42.800105 10.312342 175.217212 27.933128 89.706058
6.228772 13.128239 42.913708 4.380469 170.735951 36.957480 108.510250
6.466285 12.961543 42.937284 16.225453 150.896998 48.262055 -48.269241
7.390751 12.554358 43.380510 15.982185 110.060017 27.863461 100.575281
6.331368 13.040431 43.020091 10.021988 98.430179 22.584969 -154.439136
6.802281 13.016533 42.786252 6.757552 321.491639 38.982848 -9.947803
6.438379 13.218755 42.751532 14.634208 175.534896 22.184767 122.912101
6.473684 13.196948 42.804577 13.530107 158.421940 39.696176 126.686433
6.682394 13.444676 42.993449 11.290911 215.741388 15.390153 99.294069
6.550090 13.175562 42.908866 12.885881 177.527650 81.081243 178.857976
6.303288 13.028681 42.898221 14.855562 19.113393 55.214608 51.961074
6.022512 13.056131 42.879588 13.202480 168.644504 26.377027 71.353141
6.260461 13.286252 42.740185 10.827081 172.197143 23.452374 78.352562
6.620300 13.232852 42.639317 18.057007 100.119874 53.406427 -61.052600
6.604779 12.922930 42.741233 9.550203 359.109018 56.534279 110.407200
5.897657 13.042407 42.782899 5.058101 154.800366 51.848486 -108.355816
6.068908 13.149470 42.890620 18.781549 3.385552 42.872283 79.177059
6.896643 12.837909 42.380978 6.611852 339.034389 75.943683 -88.700394
6.418019 13.130092 42.880464 13.648392 259.869788 52.614437 149.897534
6.524739 13.066594 42.680215 5.856817 320.777745 11.767438 90.104630
6.606286 13.014034 42.738478 20.097908 150.138004 56.465724 -49.530076
7.083124 13.384841 42.517194 4.347436 175.007271 30.598130 84.804474
6.113208 13.065821 42.796291 10.400055 175.543145 43.579248 -101.276990
6.110260 12.981970 42.991747 13.607046 176.766281 52.264310 -90.803423
6.929192 13.163380 42.830142 13.341755 216.096340 23.222052 -26.883852
6.780900 13.531096 43.306884 15.705199 205.649786 78.035562 -8.009834
7.099594 13.607735 42.738967 10.917891 152.635415 26.975220 85.181314
6.663323 13.368500 42.909456 20.781330 163.220882 34.251857 83.100650
6.726520 13.030294 42.857509 15.139296 322.667719 20.142759 -51.518738
6.642889 13.001320 42.872468 5.434802 346.893005 31.532709 -112.316859
7.023579 13.211078 42.831480 17.286314 245.674315 47.452775 82.752324
6.392219 13.069053 42.907089 12.795847 136.207586 59.771273 -73.064935
7.102666 13.125492 43.116984 19.927382 82.994152 77.102372 76.420062
6.472517 12.943272 43.128879 5.433817 176.820866 33.739048 92.602235
6.544814 13.219363 42.562577 7.063426 157.522604 58.528088 -118.448044
6.288254 13.138116 42.912895 7.448283 274.921781 47.045375 -102.685402
6.652358 12.960037 42.907253 9.228401 67.875405 89.412738 -106.067274
6.612205 13.190563 42.763825 6.246487 165.107618 85.447549 -137.576569
6.605000 13.336957 42.788557 20.937426 166.839564 43.947293 -93.437726
6.813721 12.898207 43.206010 15.977754 142.187750 34.721761 69.271861
6.558840 13.076684 42.721283 9.195141 318.722486 37.203144 -99.331481
6.679536 12.937875 43.066237 7.181499 101.427050 34.725129 108.042118
6.397867 13.249210 42.935773 6.654908 168.478999 38.737566 119.231454
6.944354 12.632361 42.858653 24.240051 351.980610 20.734416 -115.179691
7.182643 12.991287 42.427520 19.476633 99.825891 43.977268 -128.888650
6.572365 12.995722 42.994609 18.623969 48.107566 51.617895 144.486834
6.533005 13.074803 42.877083 5.604704 174.305991 50.472030 -122.648688
6.495234 12.778645 42.901560 7.808448 277.801713 69.020560 -53.871461
6.603968 13.031353 42.905595 14.279412 203.064656 32.419305 -77.322477
6.549263 13.405955 42.980759 18.456632 267.301294 21.860942 99.412210
6.666508 13.073433 42.929919 19.028824 138.698107 49.289256 -103.072810
6.814603 12.744780 42.774704 15.509881 308.296684 38.814475 -131.715598
6.304518 13.294319 42.886870 15.666126 289.308944 77.008544 -69.448798
6.367439 12.995156 42.729654 18.183542 332.347844 24.845394 -72.464192
6.662859 13.051553 42.621050 7.822101 89.969755 52.315403 -139.486037
6.778658 12.877589 42.979922 16.183915 138.264908 52.942034 -50.486301
6.110585 13.284627 42.692878 5.856042 141.783800 16.122665 53.476497
6.468876 13.200494 42.922551 13.681185 74.513838 85.400287 166.430982
6.782651 13.173642 42.694177 11.266327 132.540207 78.068054 -46.321952
6.646800 13.259952 42.795233 5.717264 143.562466 33.547197 129.842700
6.394885 13.168940 42.863118 7.259884 135.577406 30.900645 66.706724
6.544027 13.140476 42.916539 13.098851 169.434377 69.545687 36.446338
6.967240 13.350199 42.477661 16.839353 131.544656 53.270254 -62.748211
6.345849 13.170217 42.897367 8.972594 143.696912 33.988743 101.596987
6.272089 13.282216 42.937085 9.363926 38.982094 39.452130 56.484670
6.394444 13.218398 42.816571 13.958820 294.350433 45.242861 -31.418425
6.441569 13.235210 42.760550 9.822996 118.082099 84.815359 157.592845
6.750321 13.171820 42.984293 6.481308 93.976989 81.083196 177.886651
6.630202 13.083007 42.844287 9.753180 149.467905 59.615878 -83.440991
6.684901 13.315107 42.867863 8.558919 154.423205 39.295071 61.705279
6.171993 13.226903 42.859805 12.006012 94.930026 39.275830 -154.621130
6.609583 13.114411 42.949369 6.727107 114.752719 57.627419 82.401212
6.343632 13.191500 42.840956 14.062255 2.942038 60.836327 116.110386
6.325807 13.098431 42.808892 10.646075 170.976370 81.984631 -48.762062
6.439433 12.790698 42.788790 11.554886 9.115469 54.108447 93.195170
6.725559 13.152097 42.997949 8.638860 153.049136 26.265117 56.105712
5.817990 13.126033 42.833087 16.856630 279.659915 59.406328 108.759387
6.460377 13.188482 42.809354 15.224142 48.624870 77.992175 -1.640465
7.032699 12.510258 42.647696 8.105216 166.486918 31.239364 -79.870597
6.845195 13.079732 42.945875 22.288577 37.536001 47.295595 7.240993
5.840299 13.162758 42.844531 11.913727 113.685546 14.584201 -68.669179
6.691426 12.811054 42.981097 12.342556 170.059699 89.625470 -42.919145
6.812433 13.257382 42.768994 7.180761 140.193431 52.607835 -66.464201
6.722158 12.921694 42.566750 11.307728 100.404109 44.037178 -109.862837
6.394314 13.035126 42.729447 8.829048 27.788808 31.809460 68.974439
6.646579 13.001777 42.738757 7.718507 286.331711 24.421653 108.864314
5.548307 13.073271 42.777089 8.929382 318.599497 30.460544 -75.248247
6.650250 12.733660 42.734885 18.044082 323.931634 33.637996 -57.438586
6.862530 13.072641 43.043496 5.688747 164.224211 45.202575 -91.367098
6.641678 12.841395 42.758845 8.762834 325.435758 26.847216 -126.301029
6.712564 13.348000 42.734296 8.411178 161.535418 29.683380 91.766307
6.148759 13.153979 42.801433 14.952337 283.746075 71.546105 -100.718549
6.757004 13.428691 42.974752 9.181780 167.013570 31.323323 78.970986
6.642829 12.999523 42.958895 12.044940 176.895336 46.656157 -58.038458
6.275094 13.046331 42.767951 8.562019 159.957708 56.240354 -83.828451
6.398104 13.213891 43.014263 3.095170 121.849926 44.510976 101.408943
7.051203 12.990775 43.067886 8.211739 321.457954 53.476391 112.001834
6.367764 13.218224 43.003126 6.918333 138.033150 20.102256 68.501002
6.363875 13.077817 43.049870 7.768762 137.668102 21.260739 102.109390
6.410432 13.192085 42.700931 12.822254 328.196159 76.431476 -58.026334
6.385854 13.118862 42.864371 11.905666 168.872893 45.289514 -105.863893
6.773759 13.542441 42.976260 10.808324 242.081142 31.478921 48.990558
6.588777 13.291973 42.701446 6.161180 67.853363 71.007702 151.532741
6.886748 13.164159 43.040832 4.853408 99.682320 15.811182 58.102663
6.768437 13.165714 42.752683 13.867087 117.610864 56.682523 -123.810470
6.641096 13.253909 42.774418 11.680802 169.717116 52.676283 -62.839617
6.228649 13.151652 42.857185 12.670599 132.808324 68.678852 98.330404
6.165533 13.170956 42.785022 8.974650 159.100097 23.559451 98.565439
6.571708 12.954763 42.746592 15.824613 80.899896 43.357156 -141.331244
6.357691 13.070915 42.675520 16.137243 177.384344 57.497873 -88.164350
6.043575 13.168673 42.919903 10.764507 148.620753 21.630597 74.656687
6.536296 13.172936 42.886302 9.098299 151.603944 24.536408 119.893392
6.774426 13.451661 42.819688 8.882598 148.463114 32.891831 67.005027
7.013207 13.620905 42.854724 4.739231 176.202546 38.042905 79.882517
6.385601 13.415814 42.687597 11.225320 149.334334 23.524813 129.657527
6.637634 12.949608 42.969919 6.332503 144.205526 33.050976 129.785117
6.776466 13.340000 42.955935 13.976297 23.109387 84.497079 -161.213269
6.583932 12.858995 42.843434 6.872172 190.393025 58.973851 -110.813393
6.429078 13.283280 42.798226 10.403893 144.688456 70.549095 -8.330735
6.845652 13.104341 43.015072 6.681816 219.305738 74.412906 -144.225897
6.438212 13.183567 42.757883 18.137886 143.824251 37.481949 110.107753
5.947813 13.335477 42.881522 12.249690 140.470372 20.274447 121.039798
6.674425 13.279858 42.886971 11.874980 168.990638 24.063611 118.089506
6.441642 13.098960 42.778600 10.613274 179.668971 82.486058 93.910741
6.470066 13.201399 42.987819 17.140701 347.266344 28.655043 -133.884393
6.727620 13.057753 42.705986 11.212124 99.994217 47.784652 -109.739772
6.081954 12.991103 42.818391 13.074379 157.831181 49.216147 -116.290548
6.162068 13.163660 42.737082 15.354544 153.952450 35.101714 -132.953786
6.913817 13.278631 42.609216 4.730535 174.180884 43.578897 -122.133281
7.092169 13.208999 42.421029 12.652867 296.515952 39.408796 -131.059430
6.744849 13.306838 42.800544 2.843619 121.916454 24.445865 -87.989628
6.688187 13.097985 42.858799 16.637711 306.627923 60.947800 -126.455459
6.431507 13.266413 42.772128 8.078486 171.667543 27.325744 45.234310
6.759319 13.104928 42.932925 6.429727 342.431126 40.772713 -57.207820
6.292844 13.069942 42.863125 13.599253 244.682695 55.372008 95.381694
6.231184 13.116818 42.875898 17.371727 154.592151 54.155388 -80.288625
6.541454 13.350786 43.134584 7.238629 166.078521 72.085632 -112.061390
6.191106 13.049213 42.749154 5.559001 299.503024 67.476142 -177.985843
6.643343 13.316568 42.933622 10.812861 178.709952 34.871995 50.102163
6.811691 13.452970 42.872196 9.716516 167.847706 37.780756 115.094414
6.766423 13.089000 42.767012 16.682033 156.081131 48.108131 -65.164840
6.398042 13.227812 42.679177 14.738825 352.817468 28.777129 -177.416684
6.996210 13.085401 42.449517 7.390069 126.211860 82.475185 -44.711832
6.426245 13.167317 42.777965 11.751775 164.742883 58.710648 -99.584179
6.470047 13.203235 42.966068 7.370341 161.782840 25.542528 56.729289
6.403248 12.992378 42.983525 7.708006 155.073139 25.215636 132.388883
7.005982 13.209919 42.957863 6.280290 139.000399 25.366753 92.801894
6.328939 13.152462 42.935750 14.286337 136.043360 28.491855 45.853691
6.418405 12.781778 42.727968 5.734738 341.764278 25.763349 -101.920534
6.874487 13.472248 43.097577 13.822798 166.561813 47.416573 127.280062
6.284564 13.192868 42.805289 8.200444 341.197838 58.987544 33.857189
6.888507 13.012072 42.936264 8.136420 85.640567 32.696927 54.551729
6.508040 12.822454 42.672166 18.393079 165.011640 59.218284 -114.849832
6.653455 12.979306 42.914581 19.195485 6.415305 15.315530 50.911084
6.527349 13.267314 42.881641 9.701966 168.795528 40.134954 -155.185526
6.403255 13.041644 42.860820 13.307800 39.796905 69.277057 -113.759975
6.952359 13.303307 42.543096 11.469691 156.552787 55.301437 -89.636089
6.769621 12.910465 43.028720 13.138978 169.622514 31.987917 106.573283
7.181978 13.598294 43.433997 13.761013 247.800483 62.573017 -109.093885
6.609816 13.247579 42.757656 18.514770 254.349594 74.821692 -78.360467
6.324733 12.830295 42.802567 10.603731 112.423707 47.283985 -13.045284
6.483759 12.980130 42.841362 12.879026 343.142909 21.524511 -54.637675
6.333510 13.223271 42.910309 6.126118 167.462334 23.357342 90.321168
6.698109 13.292103 42.975154 7.591948 178.303448 23.832868 94.056264
6.297955 13.158024 42.797315 8.510275 136.252435 39.757343 116.408724
6.526127 13.274664 42.920542 12.340260 139.440371 37.083510 88.561242
7.147961 12.963821 43.074668 4.382835 137.125779 28.515499 -89.285149
6.568082 13.480419 42.785275 17.231957 148.763239 34.421328 128.079298
6.588642 12.996203 42.776784 13.062724 275.171384 44.765812 -86.565787
6.338648 13.065333 42.501599 12.093724 323.507970 28.164156 -77.598666
5.979470 13.122721 42.840859 10.243935 351.611323 53.466847 -89.820697
6.878928 12.791764 42.893530 4.315700 174.091976 39.628587 -45.862275
6.782441 13.400637 42.652700 10.068426 137.784020 23.135289 91.750679
6.229626 13.007300 42.880572 19.376895 178.833041 40.877570 -111.008570
6.554555 13.408024 42.802639 3.917038 83.004123 42.110569 128.448394
6.082991 13.265482 42.928865 8.091482 159.405353 33.672328 74.434777
6.197123 13.293740 42.823824 13.827398 171.420470 43.588394 -85.257902
6.847889 13.200794 42.893742 5.334231 146.459040 33.761332 49.432589
6.348004 13.182794 42.625728 6.885981 116.913686 52.118584 -66.057707
6.513092 12.922444 42.973775 16.184746 179.124225 58.558860 -110.020937
6.414384 13.092346 42.990274 7.047054 144.032994 86.169956 -78.920007
6.612287 13.181982 42.794370 10.445221 152.085014 50.266327 -79.486674
6.626036 13.016836 42.713550 3.990100 173.228628 50.315044 -119.883289
6.579030 13.326486 42.923862 12.566915 161.301198 20.547145 113.826659
6.098238 13.199862 42.836010 13.184713 143.856092 46.112054 -61.518088
6.803700 13.061884 42.699693 10.023138 357.826201 31.569523 -125.396724
6.393578 13.070353 42.866940 9.486691 171.519168 49.292497 -131.605815
6.717004 12.926837 42.953169 6.566049 154.948910 49.558163 -91.751581
6.611780 13.156196 42.817143 5.913975 31.157811 42.220533 79.364955
6.384093 13.088673 42.767010 13.711883 123.452205 56.269026 -100.658051
6.375202 13.059714 42.675815 10.312208 140.618379 42.752873 -91.692306
6.362482 13.090616 42.929045 3.643194 141.155308 52.971500 -104.134391
6.774917 12.932872 42.896253 18.654803 315.272653 53.672200 37.815066
6.034483 12.973647 42.924626 15.804922 356.036621 30.588360 87.708601
6.487957 13.096587 42.924225 9.127768 277.885592 25.585786 -74.376682
5.970473 13.232884 42.821489 7.852312 159.102909 58.010919 -85.647085
6.504382 12.829713 42.849506 4.959731 162.233289 59.181490 -85.650920
6.413492 13.223720 42.797205 10.613640 95.346158 56.094986 121.181981
6.191760 13.085787 42.777982 8.519534 316.271967 25.938274 -72.889369
6.471450 13.028817 42.808661 11.075160 80.729880 17.117675 80.332011
6.991026 13.418128 43.010875 4.367290 147.960265 34.701931 83.574204
6.841151 13.106191 42.823864 10.357883 141.421083 50.187810 -64.289188
6.681545 12.993304 42.962110 16.897955 154.082917 31.617097 52.560155
6.534946 13.039778 42.904580 9.664162 165.451381 55.751840 -79.559826
5.835523 13.049426 42.802608 7.215100 135.530426 44.308961 33.648114
6.353616 13.176471 42.733834 8.609801 168.855765 29.447712 87.681992
6.225399 13.255224 42.839020 18.605873 170.360350 30.092877 66.311568
6.908023 12.773712 42.809010 13.351106 323.668941 28.629472 -129.774329
6.635123 13.143844 42.861393 5.578220 178.932564 28.100116 121.577308
6.954834 13.035782 43.038635 8.775042 147.206806 49.617217 -101.350579
6.576102 13.186308 42.860254 6.323540 38.013656 26.634902 -76.546622
7.069858 13.050418 42.505719 8.734231 317.471075 30.373905 -96.553265
6.884520 12.425304 43.069509 12.081725 145.057639 36.955844 -88.198544
6.718144 13.186155 43.160783 19.203922 342.152109 41.990108 21.165176
6.864036 13.017497 43.238224 3.930962 135.965969 26.598890 61.513949
7.056704 13.294443 42.965865 14.159259 171.420620 75.257934 141.436358
6.138784 13.021135 42.884919 10.825812 172.445354 53.222530 -51.051303
6.568714 13.421958 42.581379 13.806026 179.577780 29.516144 128.544862
6.816279 13.288852 42.924999 9.904005 164.851092 37.194829 50.990645
6.292892 13.084109 42.751947 5.090709 162.098599 58.551361 -62.174459
6.860027 13.441827 42.918052 4.886854 313.535919 40.527942 83.520708
6.598975 13.183000 42.828469 21.174961 176.124281 33.889686 61.802408
6.472203 13.125689 42.762282 4.498557 161.715954 33.314713 111.589668
6.446962 13.076939 42.872682 6.619434 347.850970 32.135128 -132.247445
6.771936 13.015650 42.408577 12.009100 66.440762 23.031104 -88.611539
6.717294 12.838688 42.787071 11.814939 308.435767 56.761418 59.578242
6.411975 13.326500 42.861195 19.825630 145.703991 25.005647 77.511710
6.635002 13.046394 43.246472 10.858535 224.464593 57.299376 129.219986
6.626562 13.177616 42.880828 4.306001 173.266087 58.250468 -75.518418
7.038954 13.203753 43.195399 8.546905 231.261840 36.916145 16.840902
6.323796 13.164015 42.774470 3.715050 167.476241 34.182391 46.671828
7.129077 12.845482 43.071534 22.705374 173.658947 52.520569 -133.775793
6.515834 13.120518 42.838444 8.434569 93.927623 24.067727 -57.094288
6.286077 13.171154 42.762416 3.643633 55.959345 84.161803 162.207825
6.749272 13.201368 43.062547 4.696373 170.996553 26.645658 132.835415
6.359313 13.111846 42.779674 14.717495 174.223830 42.036636 -85.823394
6.008550 13.075114 42.782271 11.489213 315.537083 27.125104 -60.171176
6.522145 13.335256 42.791374 4.399514 350.110089 77.114507 -7.046167
6.739157 12.748850 42.885456 11.170932 114.558233 54.431326 59.820695
6.367716 12.942727 42.925849 14.579531 177.563206 64.200054 -68.439306
6.412669 13.149234 42.783492 10.425517 152.255606 23.208606 -94.189140
6.510776 12.823873 42.731887 18.282273 31.291355 39.237070 -129.974441
6.574829 13.217185 42.826568 14.815510 146.313354 33.470260 59.421267
6.639141 12.871974 42.895542 7.395310 171.917992 30.949460 114.631714
5.890667 12.994181 42.858536 8.742398 356.893923 26.036841 -124.337611
6.544935 13.241517 42.858983 20.654097 161.642076 36.720755 121.935271
6.203084 13.095226 42.856840 4.838280 318.280642 26.455222 -126.215969
6.639072 13.067387 42.838401 12.003689 163.461354 54.408144 -112.418864
6.919869 13.111432 42.726298 23.906546 161.887509 38.259811 55.926794
6.638916 13.506795 43.068406 13.757466 136.387926 48.736845 95.635156
6.393328 13.351340 42.689994 16.474132 337.104979 41.217173 -0.064430
6.301731 13.216637 42.701293 20.559537 139.746307 22.524130 101.426581
7.348355 12.148882 43.101142 21.052130 65.640063 86.805661 -141.371928
6.436314 13.006925 42.548725 9.340376 353.053386 38.768765 -87.039237
6.318525 13.031643 42.785255 14.000393 328.820033 33.855597 -130.038814
6.315484 13.083838 42.894977 15.282009 15.227356 77.838284 167.559565
6.508898 13.228375 43.003190 12.520253 139.756692 30.345179 105.002683
6.794847 13.239830 42.706651 11.082962 222.209447 34.302672 -95.399247
7.093215 12.852329 42.908515 17.660423 64.928439 68.671896 -41.301638
6.383429 13.127273 42.959163 14.999766 136.382693 35.863476 96.256351
6.527813 13.003648 42.701349 10.695176 325.099456 32.662001 -106.993885
6.425470 13.017454 42.735102 10.510137 333.099995 29.988900 -60.490280
6.360853 13.109782 42.982827 10.577439 242.711575 10.734946 113.598693
5.914064 13.057101 42.804988 18.859378 24.134941 69.415595 1.316183
6.366894 13.184640 42.726415 11.226051 156.779965 28.206165 120.710537
6.781129 13.032216 42.823674 7.562365 294.396207 63.041112 -118.560304
6.269248 13.099300 42.768872 13.285205 178.861291 42.112006 -63.147172
6.130682 13.073426 42.772578 3.980563 317.359775 20.885206 -125.594853
6.319542 13.051202 42.862912 9.563654 138.000440 48.377911 -131.161583
6.066486 13.107626 42.908731 11.355174 150.158381 56.971841 -111.136498
6.542093 13.179894 42.856519 20.038133 351.536768 22.201343 95.664050
6.143370 12.995324 42.872391 15.084051 334.619236 21.475549 -134.533186
6.238856 13.109541 42.838817 5.776482 172.072328 54.514504 -118.544793
7.070327 13.155454 42.447161 7.746054 138.369840 40.572691 -130.599589
6.846553 13.262602 42.565593 14.511626 172.522841 85.575641 -163.193699
6.661641 13.314987 42.899202 8.732395 159.117080 25.542292 53.086379
6.227302 12.905759 42.872284 4.850894 342.440079 21.512612 -127.650321
6.486244 12.958296 42.728973 8.589827 150.702480 44.231438 -62.192699
6.791399 12.917462 42.640115 5.467886 131.627314 69.998498 140.215004
6.841100 13.200371 42.809852 17.005711 172.903512 35.456008 131.506103
6.522622 13.170113 42.794629 11.884514 119.951365 30.023965 -147.129044
6.446580 13.075410 42.659404 11.485326 203.797738 21.364116 -62.589374
6.994547 12.951490 43.201231 10.011694 163.356816 39.181447 122.304689
6.739709 13.262610 42.721399 13.380918 172.684836 29.636985 93.607238
6.758898 13.293835 42.728271 5.989816 304.462710 55.317988 -114.320608
5.958404 13.080781 42.891807 14.123246 94.135275 27.020897 -103.322814
6.686780 13.472178 42.724544 10.943412 136.981816 37.047609 73.650916
6.113230 13.155580 42.891671 8.077396 40.910545 89.028839 -24.342493
6.310649 13.087352 42.822300 11.839838 243.863582 14.758972 42.024006
6.256645 13.031634 42.722952 8.952723 351.746586 36.242084 -127.995616
6.034067 13.029741 42.749073 14.373874 154.151820 58.913380 -60.413887
6.423522 13.255089 42.740716 10.270691 163.091187 34.395586 77.971381
6.857563 13.072606 42.504433 6.342859 107.356613 57.772806 -64.865789
7.445943 13.643726 43.011625 8.237266 352.264807 46.447225 63.678746
5.926496 13.206057 42.913123 11.648446 333.335521 76.666312 -106.655971
7.039406 13.580929 43.073030 7.357244 142.526322 44.518230 62.356017
6.404562 13.343639 42.846949 12.574019 153.566493 43.847578 -89.611221
6.628093 13.017004 42.853019 9.511399 190.120074 68.658971 158.449928
6.950190 12.915524 42.836474 16.688402 343.880457 28.576271 -78.399638
6.451215 13.193108 42.810955 20.756224 178.083653 15.105119 -54.390341
6.179320 13.168510 42.880132 10.815064 148.005493 46.951827 -104.418342
7.205707 13.073579 42.863108 7.801468 154.185100 62.601432 15.430842
6.806825 13.065109 42.532870 3.818322 352.541392 34.076777 -97.868822
6.257877 13.158827 42.886529 8.210430 291.471386 19.424272 -77.827049
6.527568 13.089952 42.771416 8.334116 356.433437 37.551762 -126.886768
5.995755 12.993517 42.845730 13.116770 346.509010 36.783375 -99.227891
6.108078 13.183771 42.709728 6.565392 175.797988 34.100746 126.870342
6.576873 13.287795 42.587089 4.669281 131.874299 87.955518 -125.471806
6.603174 13.232832 42.833061 11.344466 75.121709 79.538297 -146.349472
6.414129 13.324134 42.878871 17.434106 307.331147 55.784336 -68.490084
6.840644 13.486932 43.297368 13.786107 158.056284 22.963184 97.984786
6.609692 13.190983 43.097798 10.678070 327.204661 55.343825 -22.187789
5.744739 13.048816 42.834336 11.949685 158.216174 52.318356 -65.665857
6.222152 13.177149 43.016957 13.199382 35.588626 29.815112 89.511939
6.207201 13.200781 42.815807 9.883121 137.174766 20.794904 87.767159
6.385831 12.877811 42.794066 12.887561 332.867977 35.900789 -97.218294
6.651733 13.319830 42.830025 7.164633 138.892833 24.779353 117.796359
6.296265 12.844479 42.760124 12.532457 223.610688 41.698814 28.330666
6.432486 13.176168 42.713442 9.634784 139.180374 29.331950 126.671734
6.599623 13.194916 42.894007 15.198333 140.666087 35.575334 99.854347
6.670838 13.368501 42.778380 8.698536 355.318934 46.098313 -102.989449
6.582894 13.000113 42.938659 15.977184 145.087832 52.010044 -81.378760
6.867580 13.044299 42.950322 5.315225 157.040447 57.245121 -74.314568
6.018237 13.019086 42.848907 7.407524 110.421602 58.770777 -95.481392
6.958655 12.913803 42.918020 6.856292 155.589622 52.399720 -52.821357
6.750134 13.105642 43.045771 23.133528 116.771226 21.463143 -14.461998
6.827791 13.044670 42.767523 15.137373 220.236363 56.916057 126.668037
6.620688 12.955814 42.768674 9.148822 149.035960 51.142652 -68.861155
7.175256 13.390591 42.730105 3.855263 136.509947 22.984268 131.866164
6.577368 13.156501 42.748680 9.946877 154.035391 43.404932 -68.806815
6.117940 13.272147 42.832588 13.585555 165.496614 33.088824 62.391011
7.165543 12.742897 42.880628 11.477218 150.211820 40.966270 -91.048512
5.868734 13.150148 42.830316 10.232082 179.010217 31.078597 -48.076179
6.618856 13.272763 42.892957 3.926940 60.423932 49.425864 84.614037
6.040509 13.342085 42.710274 15.589786 102.069838 79.583289 -52.152715
6.805679 13.627099 42.888877 9.095158 135.495210 46.996094 55.337867
6.759322 13.387762 42.899919 15.525949 109.412495 30.501967 -117.456880
6.427168 13.456854 42.841946 3.585729 141.566829 23.149132 95.554202
6.308708 13.221923 42.721145 9.605462 163.652772 79.754405 -17.838656
6.550756 12.974936 43.127651 4.031621 149.813021 29.450984 49.381443
6.805081 12.898273 42.878077 12.074636 154.072885 46.188648 -88.003592
6.544378 13.231531 42.860012 3.498848 87.976189 44.953148 -130.510655
6.832680 13.204680 43.004043 13.695496 327.102505 78.133317 -118.287832
6.236293 13.024373 42.926478 15.260470 272.931564 45.686947 -120.693689
6.462143 13.126606 42.708521 4.055344 341.315579 71.742725 -104.786614
6.670375 13.266224 43.060501 16.712297 302.582413 49.710804 115.713460
7.132524 12.401255 42.841228 19.523118 316.746952 43.259424 -54.256355
6.375391 13.131696 42.807283 20.252933 171.019502 39.324724 71.102935
6.520300 13.042762 42.736816 2.523398 324.952291 26.284944 -65.450172
6.186887 13.170391 42.709726 19.562342 170.258885 27.749152 67.400556
6.597049 12.938035 42.747286 10.529004 318.309108 35.926559 -48.597175
6.684354 12.978392 42.896422 9.804313 147.097827 53.724004 -87.343915
6.213426 13.095938 42.805798 19.043912 346.199582 25.642640 -128.518223
7.014133 12.938002 42.828799 24.101137 342.208816 43.041306 -116.717919
6.737184 12.862463 42.907375 18.343100 165.463415 34.890861 -74.286007
6.586169 12.968727 42.792925 11.656536 353.418460 33.988966 -72.738993
6.477266 13.309207 42.623724 10.681896 50.703130 33.924212 -92.637242
6.025903 12.819464 42.820085 6.879877 232.847929 72.668831 -136.583379
6.632123 12.836392 42.883612 3.763432 223.038262 23.981854 -71.973271
6.706777 13.029788 42.663073 4.329300 143.519233 49.934685 -127.992443
6.617012 13.248020 42.596340 8.286741 167.039462 50.774853 -67.732591
6.457980 12.919490 42.986716 10.121103 196.255358 14.150530 101.136641
6.387930 12.938513 42.962777 7.190398 323.637854 53.301976 -88.233882
5.994817 13.020001 42.790256 12.039149 203.066083 64.058716 -99.639074
6.302008 13.152133 42.743181 11.468406 153.697045 51.238687 -79.350478
7.057960 13.081490 43.132792 4.167105 177.177438 29.719118 74.824729
7.043083 12.970395 42.830896 5.037454 335.435752 27.909409 -77.170270
6.428246 13.113928 42.607551 6.489920 147.475449 57.107644 -88.213686
6.474738 13.184825 42.718472 18.954429 119.448745 78.469633 139.139451
6.432624 13.145929 42.885104 10.411758 296.506557 43.942215 -79.868707
7.092805 13.420007 42.655423 27.878268 114.510886 77.039732 -172.678108
6.737520 13.064091 42.900842 15.460923 359.803316 43.570880 -106.716262
6.748264 13.182327 42.452360 8.424170 109.365057 55.810947 -74.905982
6.830914 12.745065 42.748803 9.474243 295.863679 64.812455 74.387529
6.937649 13.067642 42.784285 16.058765 44.384375 83.266956 -116.395519
7.130112 12.509621 42.830845 9.749768 299.193351 36.898265 -85.625429
5.973309 13.010123 42.857104 15.019861 172.474371 40.658029 -72.341887
6.828850 12.744223 42.761922 8.119054 325.705245 29.464452 49.000772
5.848311 12.973697 42.827952 20.473514 345.502493 24.631384 -113.391294
6.724506 13.412775 42.853779 14.673373 165.178300 36.813911 54.171553
5.709076 13.134804 42.847374 12.585356 155.970073 28.898180 68.058274
6.570457 13.334738 42.496938 7.950819 148.639549 26.433780 -91.926265
6.654143 13.409241 42.902024 9.348355 110.565130 72.711749 -57.800297
6.859312 13.416145 43.104370 16.287304 168.055141 56.093845 118.930597
6.115867 13.159248 42.736774 8.233780 343.904684 73.195275 -128.463452
6.847314 13.337670 42.959917 6.722601 166.035487 24.912466 124.246100
7.050550 12.932962 42.963472 15.813247 350.729609 51.406542 -47.061275
6.428462 13.240267 42.932630 12.692174 147.775879 31.319603 113.819048
7.043322 13.089289 42.683008 5.633056 33.713794 46.810799 -17.771354
6.274886 13.157613 42.745360 9.976087 162.293171 28.285853 60.112751
6.722690 13.038859 42.687948 12.044393 73.524605 17.764529 121.323807
5.635614 13.099532 42.780918 10.072982 359.351527 51.058624 -1.567267
6.264625 13.136576 42.689068 9.468233 330.855630 60.817065 166.150885
6.283831 13.227129 42.847427 9.650874 355.758336 40.593359 -79.179787
6.141781 13.169326 42.806660 10.538088 150.281253 29.674042 116.513702
6.676542 12.982399 42.898912 13.588179 204.933461 26.662127 96.774656
6.371424 13.064087 42.945415 9.730706 152.040829 30.977612 63.342737
6.646248 13.491198 42.845596 6.533001 125.415715 34.894033 -72.014900
6.396178 12.751627 42.720529 2.666760 175.218359 11.230206 -133.774233
6.484443 13.136883 42.869280 4.853411 19.847393 81.312428 -21.840069
6.642925 13.225074 42.944619 7.198547 178.450710 26.660067 91.348621
6.379288 13.156688 42.907810 10.717101 137.978466 35.874821 133.883609
6.365839 12.930120 42.916558 15.481007 94.380389 57.687663 -3.743223
5.937411 13.178272 42.798138 8.998420 25.376509 83.164705 -2.307231
6.855743 13.539556 42.521852 11.176343 142.447970 40.033022 -82.540661
6.692168 13.309966 42.802073 18.317860 138.773724 25.286567 68.277258
6.023411 13.263372 42.901652 6.326634 26.377644 78.865811 3.160813
6.430015 13.000217 42.999507 11.139957 125.624626 60.138966 -51.675390
6.381350 13.198076 42.837097 14.116835 196.495751 73.805006 108.001997
6.414514 13.107690 42.966848 13.146525 171.277731 49.617745 -94.055794
6.516592 12.751895 42.930590 9.199944 356.855886 53.763463 -75.422810
6.837532 13.530913 42.783113 4.118137 133.435705 31.496527 75.056455
7.024031 13.005872 42.505912 8.591986 49.663982 46.538397 -61.113742
6.116819 13.232206 42.865035 12.092989 265.479070 54.149964 111.642746
6.793950 13.265009 43.114917 5.708913 147.189505 36.214903 131.159759
6.459435 13.112174 42.912894 5.737894 163.773222 46.838425 -102.659747
6.131455 13.238086 42.726174 12.214209 43.530922 57.311780 109.156056
6.454262 12.772931 42.741083 18.191192 326.859644 33.015149 -92.404506
6.830239 12.874701 43.023617 4.218383 289.402875 40.903189 109.417972
6.237248 12.957798 42.842401 12.693361 319.809479 25.203202 -54.506797
6.506667 13.298508 42.887178 7.036900 54.064645 67.468978 -147.505793
6.077853 13.193618 42.756815 2.648571 173.277233 25.403255 110.203361
6.305262 13.249290 42.755963 7.901829 347.600802 59.942531 -93.386704
6.577459 12.980537 42.865582 12.332942 354.038578 45.086793 -58.052684
6.446713 13.064703 42.799409 10.717102 110.879838 68.462884 78.642405
6.786661 12.834211 42.605167 6.519321 316.858211 35.703985 -91.460669
6.667703 13.412235 42.909681 4.116693 178.496506 29.314132 89.461953
6.601703 13.079638 42.903473 9.541538 160.121458 46.644668 -124.337805
6.314280 13.172813 42.884346 3.735863 170.143648 28.846802 122.502746
6.741428 12.839381 42.564830 13.411702 180.550244 10.287132 -50.579795
6.467685 13.164327 42.785258 22.476698 137.470692 26.792869 123.821127
6.859054 13.303130 42.881187 13.335302 166.505074 39.916175 112.369598
6.627254 13.271332 42.858861 12.431851 155.269764 46.876964 -112.671586
7.039532 13.567986 42.645591 7.411305 91.789954 67.090938 -139.678165
6.314691 13.039016 42.776273 11.678306 147.003927 51.901725 -54.960696
6.034584 13.100706 42.785752 10.816679 185.348587 53.191342 -96.018202
6.713751 13.055517 42.575869 6.916928 345.989469 37.037433 -113.704062
6.540153 13.060164 43.058227 14.181990 343.360472 38.668721 -110.133009
7.132736 12.887889 42.820186 14.270926 44.543024 47.392385 -60.541885
6.912804 13.032695 42.726745 20.500068 151.836558 55.930340 -102.260116
7.030160 13.315703 42.869235 7.880361 177.303144 46.640361 -121.676567
6.811476 12.880800 42.429104 14.794374 333.790123 29.475572 -88.702361
6.673915 13.272784 42.946304 8.314413 177.956241 36.446417 119.950513
6.593930 13.475634 42.850140 11.424162 271.490054 76.254863 75.551774
6.625098 13.091953 42.867400 8.177153 342.275649 38.337027 -57.871264
6.803857 13.196380 42.910821 13.127678 107.687681 73.628825 22.475763
6.867156 13.150615 42.967039 10.538130 142.303073 27.163833 105.253911
6.620483 12.903937 42.794167 10.113278 155.472284 46.206814 -77.148411
5.994306 13.039760 42.780256 14.180172 320.866906 29.568553 -107.139879
7.123457 13.039759 42.278580 6.462692 105.120517 52.464026 -124.488427
6.146363 13.275374 42.682369 8.052312 160.057239 37.619947 70.382725
6.233022 13.021457 42.784798 12.251565 167.919431 46.726404 -66.638388
6.427196 13.184939 42.735126 14.216322 295.850245 42.872242 -90.276435
6.389303 12.959118 42.936753 20.507491 166.469476 51.912577 -115.779734
6.457982 13.107378 42.731919 11.605351 300.095446 51.263554 158.407248
6.353274 12.923701 42.702867 12.310562 348.236598 33.631979 -127.297903
6.050453 13.140049 42.740516 3.626442 226.276615 21.603959 -114.005451
5.984121 13.207586 42.755521 9.399904 153.670507 13.620306 -51.463838
6.199178 12.971024 42.797553 8.069990 74.020639 89.118000 167.303086
6.595529 13.010880 42.788167 9.039333 142.019006 47.120627 -79.388213
7.097294 13.265593 42.789565 8.595858 319.453773 44.654241 -47.178280
6.212406 12.984396 42.933341 7.301444 161.063178 59.168051 -66.992795
6.335101 13.185949 42.799751 21.118639 143.839322 38.070099 97.508652
6.915738 12.841349 42.822066 16.191916 179.200780 47.560387 -108.882315
6.008788 12.994417 42.794678 13.391823 347.592597 22.500161 -98.596575
6.750599 13.340369 42.721375 8.234444 158.124518 21.636500 56.318410
6.305890 13.012259 42.735039 7.996846 168.354767 59.461448 -65.614722
6.546327 13.261437 42.782476 5.810855 143.169174 50.150320 -86.229447
6.272071 13.220844 42.845310 13.078583 308.571123 28.042450 -84.552128
6.303395 13.006462 42.866882 11.659522 356.133495 37.861886 -95.400990
6.332367 13.157450 42.822927 4.001823 55.751777 49.329122 -156.356703
6.504850 12.944687 42.792637 12.686925 50.791508 85.120766 154.719481
6.590936 13.056992 42.668366 3.296092 353.146050 37.975110 -56.517456
6.484665 13.034812 42.756458 7.192454 359.861354 49.811875 67.358775
6.630362 13.104017 42.936897 15.698377 334.436205 53.261488 -61.019839
6.724302 12.554203 42.596198 10.567610 322.700604 54.743538 -109.075729
6.224583 13.021590 42.762681 12.909398 158.202600 50.081287 -54.773748
6.796598 13.278397 42.757690 13.567324 147.525644 59.489518 -74.741790
7.166479 13.106867 42.282540 6.831044 126.038552 51.456634 -62.939439
6.529330 13.234987 42.826849 20.992324 166.570453 71.910129 -125.248129
5.957334 13.157442 42.873787 10.332756 167.907727 37.929454 121.063358
6.960962 13.140088 42.876123 12.466817 66.358727 56.158294 -70.216041
6.413439 13.083796 42.830363 14.385372 106.952372 48.996718 -117.809133
6.594226 13.062374 42.651158 4.188476 163.627159 58.346171 -46.453406
6.829182 12.735756 42.834222 9.397343 325.540702 74.593407 -62.543347
7.267233 12.370466 42.720520 11.019829 216.714709 43.902135 53.892814
6.284360 12.972214 42.721896 17.688292 187.269979 75.308919 10.960051
6.251111 13.105576 42.802472 10.122463 142.972173 57.605417 -82.240651
6.365339 13.248439 42.802330 8.694414 138.093834 23.665986 71.431743
6.174767 13.052465 42.623983 6.262004 322.208037 22.707365 -85.059076
6.677997 13.129915 43.201432 5.408769 116.551454 83.178729 -148.071286
6.571384 13.014326 42.598649 12.895082 357.894107 57.221725 -58.146966
7.016437 13.644719 43.029458 18.622758 150.064670 41.011929 132.200576
6.720968 13.135267 42.888360 18.801982 153.016287 23.101616 132.947244
6.218619 13.329206 42.689697 4.278990 160.513901 43.714507 -80.462020
6.890908 13.329678 42.837363 13.961272 263.769164 42.302481 -103.303432
6.884746 13.026670 42.643528 18.883833 330.109646 43.601588 -90.383243
5.951369 13.059631 42.763067 13.786758 54.994634 88.787983 155.535588
5.985030 13.105768 42.896748 17.880337 100.413363 29.241978 -101.491389
6.917351 13.279585 42.963719 17.115302 272.533347 76.464650 81.898119
7.205431 12.560789 43.341583 8.778391 120.568107 35.421822 123.229267
7.096605 13.219877 42.941983 13.400354 144.775894 24.830593 68.256639
7.165698 13.129014 42.933966 17.398073 166.144557 47.520970 -62.399366
5.791321 13.126188 42.840654 14.843410 158.083580 31.202694 89.021041
6.482777 13.173171 42.831312 10.760699 303.840039 69.067336 141.361877
6.358408 13.153574 42.844397 12.756620 142.626649 46.113625 -122.471881
6.141604 13.182440 42.749277 6.664168 145.920586 38.021987 112.132740
6.491620 13.269420 42.981326 13.906889 135.162648 29.416393 100.105087
6.010021 13.126548 42.751045 14.613289 144.466272 24.577426 58.302679
6.499258 13.166854 42.915105 5.895194 84.576734 76.193841 81.155673
7.003634 13.485989 42.986001 12.825756 78.337189 85.193564 -30.606694
6.102911 13.021449 42.852310 9.812757 340.790278 28.537595 -78.157289
6.650370 13.248296 42.777344 13.803524 142.160042 46.740479 -121.033340
6.250871 12.959782 42.832004 4.705160 149.165665 40.619956 -60.144867
6.656680 13.288763 42.963759 4.022441 150.706203 30.867177 55.418737
6.689746 12.986506 42.820449 9.711572 157.763835 30.547840 -102.209975
6.332295 12.887035 42.810815 9.281148 3.485517 45.937222 -25.700653
6.442477 13.342624 42.825863 15.064350 155.212746 23.349912 95.454661
6.443901 13.233155 42.911924 16.153330 44.153528 44.186219 163.135058
6.933481 13.170929 42.615787 11.067229 328.245194 38.349543 -74.351464
6.643855 13.307614 42.904837 14.500156 189.982126 23.609394 45.701951
5.822623 13.060371 42.762067 1.759261 326.057646 29.523857 -85.055472
6.456728 13.087138 42.783944 19.937238 343.440684 62.337916 -71.367104
6.626612 12.921540 42.706669 12.127320 95.884869 51.723563 -178.536915
6.187043 13.246598 42.720676 10.048590 159.203680 66.163860 -71.388350
6.971266 13.046967 42.830748 6.205015 333.521172 26.670169 -47.134964
6.348184 13.126385 42.839907 13.368569 130.981211 82.308393 -176.603425
6.412530 13.090593 42.899150 4.632294 152.224042 56.779985 -107.969170
6.769597 13.065151 42.840209 8.699413 348.579936 20.449346 -134.249782
5.880519 13.109650 42.873178 14.355910 344.413964 16.251752 71.028699
6.686582 13.295685 42.949589 10.218557 185.411824 56.744319 -120.463894
6.543742 12.894419 42.835068 11.537614 331.645846 32.660090 -48.618368
6.759490 13.138154 42.776212 11.616968 317.736946 54.222245 -124.281393
6.465619 13.045097 42.840651 12.000148 147.266365 42.252099 -94.909519
6.676504 13.322189 43.002551 24.605671 148.609340 31.487412 52.134274
6.902994 13.198048 42.678187 8.297914 336.416555 61.788297 -112.681864
6.940360 13.316819 43.127275 11.008865 80.610344 85.418507 151.336917
6.587993 12.995187 42.835429 10.025832 159.276613 21.989207 -97.335502
6.701373 12.774385 42.718173 16.215509 328.925863 29.311149 -117.219575
7.232597 12.830929 42.774681 5.538989 331.003903 20.910939 -102.170381
6.474727 13.091817 42.949373 6.510790 139.584954 53.839001 -61.601219
6.715032 13.261370 42.865936 17.105569 173.972495 34.035341 64.561218
6.338690 13.126718 42.883162 17.618998 163.752841 53.548091 -82.377514
6.306361 13.092702 42.932158 9.807228 150.920732 35.809398 128.718584
6.474072 13.229330 42.874455 6.614176 171.657543 87.822146 115.002443
6.201217 13.407443 42.911314 10.621078 292.168937 27.609167 -76.698041
6.420833 13.030550 42.709797 10.270147 104.772987 84.041788 148.362117
6.516402 13.029896 42.860696 9.637540 277.415760 59.649164 83.638248
6.761471 12.943609 42.683427 6.012859 135.114686 81.653740 164.072527
6.697134 13.013675 42.831976 12.812867 168.899442 49.874198 -127.910727
6.880316 12.640545 43.073067 12.638000 110.537022 17.671900 -71.381175
6.557979 13.013583 42.885224 4.541801 159.143721 77.051381 27.926941
6.370138 12.942521 42.700904 9.513792 354.207289 23.994286 -81.031260
6.707027 13.216371 42.718389 5.586877 157.665828 43.105494 -74.096380
6.699053 13.248782 43.234424 6.992204 94.159909 29.846931 -112.918112
6.234129 13.390371 42.803030 8.606393 68.528457 81.723327 3.558321
6.274205 13.046899 42.758549 7.259393 137.067835 57.087298 -46.225928
6.431310 13.240752 42.983794 9.369865 80.598447 84.326076 -161.333625
6.336321 13.082915 42.871633 12.889954 347.928604 32.386371 -110.209708
6.485496 12.923743 42.856490 9.580737 140.208666 49.169818 68.657216
6.770633 13.112605 42.952355 14.986675 26.143857 57.432582 108.215500
6.506675 13.146718 42.878792 10.015104 137.225193 29.232086 67.228561
6.729540 13.470252 42.876020 7.281601 162.175384 27.509456 55.052947
6.076651 13.027853 42.666549 7.816241 273.890892 21.490531 -83.656412
6.864313 13.240834 42.977154 17.232284 143.432809 30.634557 76.509646
6.537128 13.308453 42.677729 15.168369 137.412420 20.225946 62.108435
6.412566 13.125832 42.782131 4.471633 298.474327 50.092060 -115.799221
7.058562 13.410217 42.842289 16.214569 146.132894 39.305957 118.384887
6.227777 13.198554 42.880611 7.509677 138.634749 44.990724 -109.278492
6.973325 13.054759 42.863299 12.762126 64.731050 41.706402 37.693894
5.968428 13.117295 42.786938 4.259193 167.682890 23.344175 127.786286
6.561589 13.140798 42.686999 15.153273 159.843957 25.860498 123.409705
6.294557 12.965949 42.763955 16.570670 151.438513 58.599856 -64.949086
6.587576 12.870534 42.744397 4.921314 179.061857 53.463101 -77.278967
6.036839 12.994809 42.779470 14.198912 353.475875 36.637660 -52.224244
6.203820 12.985770 42.824778 15.259595 148.015771 23.465928 -114.414922
7.113489 13.443536 42.734196 12.770312 282.404734 12.777892 117.616449
6.883665 13.243899 42.804554 15.065856 136.279223 36.985519 93.388149
6.984255 13.041526 42.659818 7.692108 146.045453 53.509647 -120.573594
6.408537 13.272474 42.775057 5.824495 168.832447 50.437066 -46.350970
6.348535 13.239397 42.942875 12.619419 155.376500 31.668431 54.538583
6.731400 12.736104 42.809957 19.528606 337.601347 23.051621 -113.012949
6.646679 13.426619 42.733603 4.172238 163.149028 27.082042 66.342486
5.703452 13.171932 42.865764 7.465145 106.874333 66.774436 -103.600183
6.857822 13.429372 43.166831 11.990085 15.504515 63.019317 78.684519
6.192847 13.071752 42.861253 8.389804 336.917723 35.907019 -81.526299
6.630893 13.149541 43.103148 7.993257 153.077311 28.590280 66.405350
6.676579 13.284770 42.758814 3.183005 308.741344 26.904162 167.519205
6.217346 13.007977 42.838480 10.024618 118.490642 34.483640 -44.964345
6.409044 13.308611 42.958093 13.274987 157.562464 21.203757 82.163119
6.017977 13.125424 42.842605 11.634655 144.041749 35.369303 76.073484
6.314451 13.258329 42.887688 5.469117 149.294766 39.266235 121.360111
6.172307 13.029907 42.784831 13.511741 124.364649 29.457554 -141.403583
7.079566 13.255534 42.682384 16.215368 155.696018 33.192292 101.859431
6.651343 13.209563 42.974874 9.728026 153.435214 29.076534 133.441483
6.368593 13.328058 42.771955 4.609677 166.089832 22.179944 74.993583
6.726939 12.956765 42.797358 7.020296 322.835415 49.715211 -102.026346
6.659488 12.875462 42.594098 3.135879 352.805714 31.934286 -68.773925
6.370347 13.098443 42.652507 5.448164 179.367582 67.879417 6.016033
6.435568 13.240541 42.815595 20.109911 143.632715 31.716119 115.169720
5.849949 12.970985 42.842623 7.949444 180.819167 54.434918 -92.402735
6.153385 13.157999 42.844796 7.333468 98.189790 41.394135 -81.802850
6.368277 13.225957 42.972255 10.782938 176.622974 21.306045 57.480333
6.433661 13.327014 42.915824 10.156553 349.481961 39.281371 -70.035280
6.504848 12.947064 42.798586 16.777119 22.769641 18.310105 -164.148067
6.249873 12.861666 42.563682 3.209056 316.960536 36.796321 -85.506913
6.360690 12.850259 42.877355 15.240372 94.290349 58.493601 -171.870311
6.529641 12.707029 42.605818 6.382312 304.357314 12.848287 25.584910
6.632032 13.119453 42.780555 9.210919 89.092298 83.969127 144.844774
7.155290 13.396566 43.165438 6.431861 298.700433 49.474888 53.805321
5.973119 13.140117 42.850527 9.664865 38.762592 81.252798 154.842511
6.054162 13.080202 42.777151 3.669307 156.081103 41.633581 -108.735631
6.661846 13.349364 42.803313 11.781346 11.756408 50.132664 -4.163064
6.303435 13.062777 42.641457 8.364595 5.914949 58.785829 109.909127
6.479783 12.893516 42.887251 12.382187 161.443653 45.772672 -121.786483
6.381724 13.041026 42.842748 10.031144 95.782524 48.608201 -173.343779
6.596922 13.213125 42.705782 4.147569 72.462586 56.899036 -64.255550
6.237576 13.200062 42.852973 8.980608 169.170716 32.781629 69.037001
6.268105 13.190802 42.727872 7.972169 149.670550 24.205886 102.279609
6.614858 13.278056 42.883773 4.567756 63.168406 66.850996 -39.942546
6.723550 13.285492 42.844120 12.874365 354.173434 29.028234 -50.588047
6.347117 13.035252 42.878661 12.351173 317.256919 23.541890 -133.774386
6.661660 13.158848 43.116841 17.832557 87.261558 54.374589 -108.791407
6.451933 13.134148 42.991249 15.666303 156.252982 57.864627 -78.438700
6.885039 12.750077 43.110597 9.877847 125.285182 10.903719 -99.292562
6.602870 13.093568 42.931028 6.217202 158.735029 36.865360 82.862522
6.263761 13.028319 42.901379 4.996048 173.600530 28.409236 50.935232
6.996581 12.999682 42.938543 6.134032 154.802536 35.698857 133.375257
6.300863 12.977582 42.687004 13.394129 338.294041 36.234472 -64.526556
6.516286 13.270354 42.595687 10.254455 127.756041 40.464097 -97.490837
7.028376 13.644997 42.902234 11.559503 145.096635 42.901327 101.238323
6.688708 13.253949 42.847012 7.509323 255.865651 24.202284 -2.462251
6.342767 12.973232 42.996094 12.478287 192.985965 41.845335 -11.116119
6.266484 12.958351 42.828941 9.338718 68.200857 58.497554 122.836368
6.881654 13.418530 42.985920 10.923385 152.454955 21.357787 127.104260
6.698647 13.498288 42.798021 6.792870 127.669735 40.646578 167.669435
6.642442 12.907493 42.715181 17.519527 107.038892 35.328601 -111.807259
6.665875 13.018043 42.958177 3.957802 316.703849 46.646103 -110.979008
6.198021 13.184509 42.859210 12.133786 159.496835 38.768031 67.111400
6.275564 13.174573 42.919803 13.846153 167.103295 31.899985 113.560087
6.719117 13.211277 42.730615 4.299457 340.237239 48.951940 29.931616
6.565071 13.287475 42.868772 13.854774 147.787373 29.016225 104.285974
6.456768 13.044113 42.626790 15.915319 324.574965 25.969775 -71.175608
5.972543 13.221220 42.779339 18.127217 151.229773 32.283860 72.210876
7.263120 13.322788 43.265376 9.180551 126.128998 88.267737 42.679360
6.672288 13.232418 42.638498 7.907512 286.721845 28.779504 -111.784202
7.059469 13.180753 42.642958 6.454098 120.254918 58.457285 -90.065287
6.700222 13.360996 42.948926 5.118569 230.237359 76.712135 132.162776
6.783617 12.706582 42.689045 3.620481 319.041909 32.842145 -51.268610
6.893907 13.096969 42.746403 7.594578 149.919868 58.489322 -63.306670
6.499853 13.123277 42.843019 12.480428 144.007630 27.893483 83.020717
6.124664 13.077005 42.850006 8.079058 163.326760 47.693563 -94.618798
6.284756 13.066945 42.982769 6.949703 177.963966 42.142739 -101.768678
6.567568 12.850611 42.712449 17.374792 319.890994 35.948699 -56.188095
6.377713 13.319060 42.825230 8.430833 167.133869 26.527718 93.767703
6.976134 12.679493 42.666340 17.006368 138.609611 57.613036 -130.158117
6.826725 13.031164 42.573164 7.003543 342.827893 36.076515 -133.204568
5.836231 13.203415 42.819123 4.002491 167.373732 42.970589 -82.089669
6.157470 13.220895 42.958093 7.431552 84.393642 48.982059 98.205701
6.824174 13.141060 42.801379 17.781873 273.999792 56.100667 -117.991218
6.884272 12.884034 42.525803 15.615943 350.618430 23.813045 -58.035812
6.333295 12.888250 42.965694 18.812212 151.887307 22.141611 68.871027
6.442566 12.993770 42.937337 8.406750 142.911606 88.490310 72.153801
6.368185 13.218860 42.766825 7.787419 174.085341 22.269459 105.943638
6.704664 12.946003 42.615485 8.124464 344.722259 40.996163 -78.258844
7.054482 13.044638 42.868483 5.534487 144.510942 45.449578 -132.179275
6.273580 13.239554 42.855785 6.515174 231.457587 49.886865 142.503259
6.586981 13.158375 42.815235 8.998369 157.576024 55.032090 -84.806252
6.548365 13.264060 42.752806 12.637722 294.835234 39.299686 71.539770
6.876894 13.134171 42.658651 9.978615 325.110737 56.103500 -119.059609
6.518022 13.015492 42.905004 5.705333 152.775077 46.932594 -107.633894
6.303448 13.052817 42.838442 6.496748 286.452705 46.550866 -98.872201
5.540804 13.032750 42.836462 12.857266 102.315173 39.984131 72.517879
6.934606 13.539411 43.141719 20.559653 75.497015 29.264666 -126.968383
6.625629 13.154562 42.790922 9.973204 161.594516 34.362754 130.136702
7.021028 13.140017 42.970521 16.492103 136.755355 43.968873 -76.043085
6.249564 13.220923 42.855038 14.522708 139.927662 30.487715 67.677536
6.676742 12.893763 42.796775 13.327792 141.458999 48.880889 -84.968676
6.753748 13.133469 42.824525 19.882627 144.748912 36.369290 103.489809
6.491110 12.989940 42.880154 12.483628 333.096585 35.070543 -51.220638
6.779573 12.774476 43.162717 5.463698 203.441188 24.143727 126.995887
6.757612 12.982615 43.003577 8.803002 330.379698 45.241666 -115.626695
6.599888 13.070727 42.468943 3.555557 1.123144 20.188719 101.715541
6.879179 13.624549 42.700843 9.226890 21.498328 85.716269 -10.257992
6.507990 13.122895 42.780747 10.022239 314.511854 46.835013 -114.734260
6.632774 12.831258 42.760655 12.656522 325.283854 28.197722 -60.983208
6.397718 12.908677 42.891516 12.351425 174.802030 55.343889 -77.073933
6.642043 13.101409 42.663766 16.497021 85.317923 89.326742 -29.940661
6.765717 12.978744 42.559264 15.803092 334.912468 36.148783 -99.584923
5.962081 13.293192 42.840796 11.543852 152.766453 55.643410 -105.822294
6.543422 12.782646 42.966998 7.635487 157.963222 49.649432 28.365879
6.406368 12.934304 42.774491 11.105131 147.906389 54.957111 -129.703512
6.027557 12.987007 42.785113 3.475342 179.970156 42.650398 -121.567064
6.051490 13.197266 42.736817 9.497355 34.005296 39.147916 133.007031
6.390298 13.240965 42.806243 10.453057 317.307829 57.971530 -73.484597
6.180419 13.176010 43.011003 2.970652 140.479924 29.238912 109.493481
5.900627 13.035160 42.763546 12.150636 350.952113 76.427061 29.265879
6.629294 13.229179 42.895388 7.168029 213.236637 33.488846 75.191739
6.441956 13.290183 42.917978 12.772099 20.710040 44.655232 0.839828
6.523583 12.971916 42.838887 12.035063 113.092362 58.481358 -55.779910
6.243754 13.039845 42.705370 5.757953 165.172537 47.865069 -126.793131
6.963651 12.919619 42.778528 6.210007 125.056932 65.375625 134.203691
6.831548 12.872891 42.975427 3.078058 250.395984 12.927274 38.820236
6.116841 13.329269 42.751157 6.543215 41.459131 41.980978 85.708799
6.741885 13.259950 42.960372 15.993043 204.279749 51.389734 -148.424260
6.869771 13.281701 42.769796 6.763650 149.483564 49.528541 -132.813826
6.962739 13.247873 42.838618 5.382052 155.470209 28.512147 104.434313
6.505504 13.136858 42.904663 18.002638 173.799165 23.640290 72.949722
6.960377 13.001998 42.791476 19.757117 142.714691 52.458143 -68.808386
6.207471 13.146376 42.833329 6.032975 73.948423 53.033783 164.912950
6.978876 12.987626 42.757803 13.346833 148.184423 59.324103 -92.906965
6.559280 13.126040 42.788325 6.493859 187.948041 52.073994 62.884139
6.507577 13.122325 42.620725 11.807092 341.268228 23.718091 -114.271918
6.628390 12.971812 42.693695 10.671307 175.577607 53.717729 -126.924082
5.763575 13.168296 42.770997 13.235934 175.690580 32.260129 70.605378
6.809902 13.317976 42.745046 10.051830 165.572347 36.611277 73.317382
5.910644 13.187434 42.828286 10.996014 342.996331 45.538574 -95.597800
5.965199 13.035189 42.777073 13.887295 20.818432 40.990548 -58.784331
7.013068 13.341787 42.934384 9.322022 167.152752 36.824004 52.993660
6.689548 12.865842 42.805360 13.868997 250.167521 42.415876 114.220754
6.774201 12.936221 42.806013 20.262983 117.611203 41.583991 -55.778876
6.486151 12.934353 42.806265 9.638027 148.120799 49.194992 -69.958247
6.380445 13.098022 42.959662 10.363782 158.082802 51.123984 -94.517948
6.489603 13.130897 42.760032 12.474082 93.864027 89.876223 -54.040616
5.971895 13.063806 42.848320 5.943377 292.780908 75.046822 123.730706
6.099612 13.031765 42.705615 8.868768 160.077711 55.349149 -69.244548
5.966167 13.236947 42.785866 9.905785 143.136591 52.604537 104.674259
6.320871 13.166231 42.672649 12.120102 9.963784 22.979589 38.109757
5.757506 13.118303 42.890853 8.563115 188.048888 40.947886 108.045560
6.389493 13.238633 42.818116 13.730518 156.641105 42.012139 -122.495315
6.902935 12.845041 42.801197 5.421329 174.294136 54.960492 -108.970013
6.568778 13.301499 42.977957 3.282410 141.313816 38.862692 50.518532
7.059582 13.348021 43.240041 16.856245 13.396337 85.996610 -1.700646
6.494996 12.969352 42.806693 8.296604 167.289473 61.955702 -119.391900
6.934211 12.972023 42.794918 8.371544 142.484198 48.801253 -51.156305
6.698533 13.436841 42.495614 20.971168 213.266662 53.689910 -58.226835
6.312845 13.216592 42.699321 5.065294 2.114888 44.571501 -116.285786
6.829660 12.694639 42.696209 9.615763 336.914212 25.829940 -95.895022
6.325024 12.993410 42.816909 9.454323 185.423538 63.987258 -171.195758
5.999478 13.073287 42.820674 16.015159 163.729995 51.626227 -74.046254
7.204358 13.350494 43.079833 10.363595 157.632241 37.664974 74.326866
6.738552 13.148271 42.985037 16.203443 116.912534 57.768498 42.481228
6.064564 13.066317 42.906632 7.550448 163.574044 24.501218 118.248582
6.595189 13.139313 42.820051 9.371786 13.657168 81.543487 -139.458590
6.651312 12.978725 42.812956 5.271655 357.860508 28.544618 -134.274247
6.739616 12.927304 42.584800 3.929350 212.413029 41.415809 -80.647130
6.185956 13.190202 42.954823 11.531023 110.736507 32.699637 81.693888
6.359232 13.046730 42.773221 6.921998 140.131626 43.590108 -99.505742
6.250582 12.867303 42.701838 12.252922 328.471779 27.061332 -95.862689
6.688158 13.400189 43.059231 6.690510 161.167459 80.022229 35.142392
6.484466 13.051216 42.618874 8.684975 322.019315 56.680805 -6.893764
6.029898 12.959636 42.668785 6.109991 141.792055 45.955020 -91.878615
6.215468 13.146913 42.795944 12.522414 162.411405 58.185925 -86.316604
6.288332 13.086319 42.700825 9.529029 328.850457 32.949010 -102.451339
6.213075 13.080403 42.802276 8.665823 90.456164 20.172771 132.889391
6.560846 13.408407 42.731941 11.903188 117.177135 84.694519 -168.392749
6.270878 12.897132 42.640864 14.364788 320.486482 69.215028 -109.031620
6.856584 13.091946 43.084741 5.080980 163.365016 53.656012 -65.557405
6.511331 13.148366 42.888247 8.433291 145.210995 54.124874 -96.469210
6.828972 13.134450 42.814827 9.222388 199.918751 47.880666 2.079405
6.208256 13.194923 42.779608 12.338463 41.241527 37.585088 80.874172
6.432417 13.020561 42.941763 6.031044 160.429982 32.359040 86.498544
6.451766 12.930076 42.902271 5.542446 139.513422 40.071102 -48.116692
6.788560 13.183255 42.805705 9.414602 145.349673 36.925543 120.286543
6.493509 13.185146 42.914140 22.443726 144.342803 39.857444 86.245889
6.687022 13.366668 42.943671 5.518685 205.136608 44.628956 -127.636523
6.312077 13.025051 42.979680 6.157239 325.057851 32.889814 -67.572502
6.803467 12.877142 42.924805 7.461018 331.652877 53.053059 -131.201503
6.354378 12.961048 42.827634 9.352936 150.169138 86.456806 141.923519
6.189576 13.181454 42.720533 22.988968 296.157269 43.981173 -77.336953
6.847935 12.901716 42.753035 11.908592 168.523219 48.208289 -128.988485
6.782652 13.114601 43.002681 8.449984 165.477673 53.207373 -84.216248
6.480393 13.137823 42.888427 9.915041 176.424037 51.527592 -68.779408
6.133788 13.225783 42.786363 6.378781 135.448442 49.943605 -86.641123
6.691264 13.410380 42.639544 6.530291 195.155196 43.557806 -97.061580
6.780342 13.307017 42.625736 21.638202 239.797974 20.565035 43.689978
6.682652 13.253641 42.876283 13.029048 284.641400 20.137270 -103.742765
6.211346 13.089772 42.779961 17.318019 171.915054 54.797813 -99.016393
6.423957 12.952786 42.763005 14.115602 268.268921 57.535309 -165.070046
6.606257 12.957498 42.957339 9.534629 169.018937 42.399863 -75.307969
6.325631 13.195288 42.760364 3.017029 154.280863 39.099962 58.304463
6.585483 13.075552 42.826713 8.936755 100.428068 55.009444 61.287206
6.628069 13.235287 42.752040 10.263199 301.435914 38.382728 -68.658628
6.069859 13.036998 42.804827 3.079525 326.302116 30.742207 -66.103765
6.429421 13.000492 43.000117 5.487030 166.070753 42.198533 107.096511
7.084666 12.714750 42.680999 5.352771 335.765640 33.096289 -97.886607
6.049183 13.027275 42.783593 9.335478 163.274818 44.620050 -108.401226
6.648276 12.814055 42.646510 6.171243 337.265824 20.543854 -106.141557
6.254517 13.093573 42.695525 13.604630 359.432500 61.160580 68.131827
6.134058 13.125593 42.685489 9.486212 196.808516 21.283806 9.999868
6.348104 12.928069 42.720791 10.335227 333.989874 30.381190 -65.865527
6.419154 13.171652 42.849298 8.106161 148.282520 32.003440 105.444924
6.481197 12.978281 42.660825 14.682334 75.298895 59.932969 -16.231685
6.239148 13.040223 42.765509 14.304116 340.708692 34.201049 -101.109449
6.674942 13.014953 42.776008 14.760397 163.796315 49.290323 -122.930331
6.915854 13.146106 42.996557 15.138004 129.535349 61.560344 136.219196
7.189070 12.073972 42.303312 15.360627 197.506204 76.143495 173.813829
7.053590 13.900305 42.736830 8.687331 152.507837 57.112898 52.134032
6.275546 12.863627 42.935349 9.618514 169.856872 52.680158 -124.207692
6.237401 13.296086 42.847293 16.573735 149.788524 30.515736 66.193141
6.412481 13.164338 42.723848 7.202731 163.616309 37.796446 64.189910
6.744873 13.293460 42.938757 10.859508 189.100043 70.891966 150.434771
6.393613 13.161889 42.904604 4.629023 80.796053 15.406734 -104.517843
6.547278 13.028054 42.933279 19.435661 146.420071 42.808053 -126.122310
6.555151 12.839919 42.824165 7.931386 195.103666 45.420403 -49.973161
6.603043 12.784446 42.870930 10.544750 351.609431 38.730192 -111.318603
6.951169 13.322401 42.374176 7.038507 108.144641 40.382506 -96.485269
5.942214 13.040906 42.714906 6.138350 172.886861 37.433074 149.356861
6.333897 13.153007 42.802567 9.705210 148.954459 33.737096 58.532811
6.300302 12.909454 42.921973 6.501251 166.691113 41.396729 -73.972220
6.216517 13.003709 42.883042 11.206630 357.283297 25.114593 -111.183304
6.800177 12.690632 43.042161 5.707772 343.164272 35.791829 -97.627464
6.293874 12.966843 42.855257 21.663827 350.648772 52.355843 -57.386226
6.260232 13.393545 42.974656 13.524904 179.778354 38.934607 96.839288
6.894697 13.002578 42.889634 9.221631 173.944972 51.463672 -58.228574
6.546024 12.956836 42.777902 5.177274 333.967484 37.726148 -125.301404
6.779109 13.079694 42.679813 5.795551 298.423831 48.273739 -106.451254
6.723114 13.380891 42.907731 29.043781 118.217702 62.227143 25.533116
6.318801 12.767022 42.903349 7.506952 175.793997 47.097539 -112.659768
6.398075 12.999270 42.948845 3.486006 154.222589 46.507637 -79.191825
6.450791 13.193853 42.985328 9.741195 33.469976 61.847869 43.966295
6.721258 12.994669 42.564180 5.207765 189.737045 73.618242 -14.373633
6.250368 13.238005 42.938785 10.395923 163.688567 30.197615 56.163375
6.352932 13.000476 42.887313 7.789808 149.331125 52.701210 -113.954737
6.819061 13.690488 42.717234 8.442562 142.536391 22.506144 125.834884
5.883019 13.062579 42.893891 2.602793 246.782476 76.022752 66.704960
6.787364 12.881409 42.884210 13.407594 166.662783 48.361291 -122.168829
6.649488 13.445645 42.855687 15.139144 170.888826 35.606881 109.206769
6.122957 13.101361 42.920498 10.034170 285.035332 70.216275 -118.182482
6.411042 13.184883 42.831823 5.926279 135.472094 37.526120 106.333923
6.487659 13.193622 42.961663 12.019785 145.915295 20.997048 119.077863
6.704602 13.316128 43.153910 8.168362 150.653507 44.685758 56.592120
5.923281 13.028933 42.803864 11.008571 39.911127 26.904016 85.246463
6.813555 13.273457 42.813233 5.252252 352.999555 60.669313 -169.619710
6.278239 13.069137 42.787178 5.294192 137.912705 53.113832 -113.236627
6.557695 12.940553 42.982727 4.632261 66.647139 88.823759 -3.666953
6.153665 13.110669 42.848494 9.063974 271.493431 11.329772 110.573572
6.325665 13.164125 42.713376 12.210572 153.755467 31.151766 114.925372
6.628029 13.406573 43.043353 9.715068 163.043339 23.251663 86.304938
7.040837 13.441688 42.869112 11.388353 161.524806 30.432398 111.576093
6.602460 13.115177 42.860199 10.494496 178.373937 40.631596 -125.134699
6.793063 13.172034 42.721090 17.242524 18.431942 19.619150 59.603159
5.806911 13.177164 42.807492 7.545665 103.332784 84.238188 158.730549
6.175309 13.079394 42.740280 10.970105 163.765482 16.088556 96.694683
6.950126 12.571866 42.915381 15.590958 111.993855 29.761980 144.541926
6.367153 13.106519 42.831278 3.444857 315.740884 21.420154 -70.917912
6.543909 13.058120 42.812987 12.291791 152.761262 55.216444 -83.855048
6.491211 12.877523 42.930340 18.658423 155.831549 43.345756 -112.312922
5.937109 12.962773 42.809410 4.370576 175.760702 47.381866 -56.209909
6.577142 12.957927 42.958577 7.654209 149.800837 33.911183 99.897225
6.887270 13.015121 42.640257 7.696542 354.067424 39.889605 -102.667326
6.317289 13.196849 42.675076 10.059892 171.867631 46.914833 -73.065402
6.460352 13.279357 42.805754 4.382675 147.752095 51.331620 -63.302770
6.210636 13.113299 42.755753 16.035442 126.872767 53.736260 110.777075
6.621549 12.951619 42.917167 10.075950 14.852433 30.001772 125.728049
6.797838 12.960905 42.852781 4.161723 356.869483 41.890095 126.901117
6.563391 12.945257 43.043243 13.184867 315.305586 44.866308 -91.714383
6.163399 13.141703 42.879850 15.638527 204.212605 52.986692 -64.758417
6.126222 13.196083 42.910004 16.219691 41.461908 83.349692 -170.731158
6.403418 13.211416 42.663511 9.119123 139.073586 54.194927 -105.928664
6.779385 13.238502 42.842019 4.436619 345.784094 47.845731 -106.568778
6.130535 13.299144 42.789707 6.948956 30.728947 33.534575 -104.801592
5.627065 12.984512 42.722962 8.650192 163.967918 49.310745 -125.610232
6.217159 13.153343 42.779582 12.076658 165.189449 46.626979 -71.185851
6.857278 12.914542 42.780015 9.818613 136.858040 55.318651 -105.388841
6.547456 12.860730 42.856516 11.603782 331.813865 46.671725 -115.319996
6.684347 13.488731 42.530974 11.841840 332.233834 36.576884 76.916268
6.521548 13.322045 43.036257 12.883485 163.774081 28.434857 73.316775
6.384772 13.117985 42.888378 9.116727 152.597506 32.775419 77.286779
6.729592 13.070249 42.963400 7.145207 174.075601 58.429778 -75.559042
6.824262 13.121059 42.866070 15.980659 177.790078 28.105125 72.800032
6.032864 12.900503 42.915459 15.201786 158.966836 51.438197 -81.762515
6.114053 13.129604 42.843361 4.729630 339.808305 52.295698 -87.591659
6.562288 13.340732 42.820836 15.523426 328.717099 52.733902 -56.557355
6.432621 13.079490 42.799073 3.842905 23.440451 64.650553 157.054475
6.443933 13.180477 42.940215 5.792459 10.335096 22.812788 32.902652
6.476469 13.180019 43.054545 12.297521 133.627975 44.012155 60.295386
6.755099 13.228180 42.940822 10.326850 140.244101 20.356566 103.352848
6.169103 13.078697 42.845827 10.383989 316.465486 52.077647 -46.615139
6.107947 13.118476 42.819433 18.063863 164.941988 26.284842 109.469866
6.018433 13.260085 42.905605 11.022699 137.390267 35.777378 53.829383
6.193494 13.248130 42.766064 3.735752 138.260704 58.834277 -94.322523
6.622068 13.133410 43.063632 3.860853 0.550675 47.703697 -129.639685
6.628395 13.174026 42.643174 12.515867 346.179226 44.594826 -21.928268
6.545016 13.217080 43.087048 19.091903 273.155837 43.895662 118.673329
6.717128 13.285156 42.939808 3.619214 105.770525 26.862932 11.405634
6.241553 13.223238 42.851843 10.069682 173.267995 20.166884 111.273276
6.123789 13.185322 42.968811 12.607134 137.792698 32.517791 117.308371
6.097872 13.121911 42.810469 8.920383 164.084559 54.478949 -130.029226
6.573700 12.745000 42.710656 15.618390 109.594789 28.472250 -132.912674
6.599045 13.092751 42.958630 5.554226 163.405848 48.282206 -113.136077
6.227278 13.027238 42.880448 17.100893 170.455946 51.081827 -106.132092
6.373237 13.356185 42.727350 13.313465 342.848979 52.917593 -112.569209
6.020712 12.880123 42.834494 14.537676 41.669643 29.649077 -82.679729
6.313931 13.113368 42.878923 3.226642 269.311295 55.170015 59.197966
6.168886 13.101870 42.735310 18.718436 350.613599 27.175597 -126.946111
6.893568 12.762826 42.711328 9.858814 138.652613 70.277390 -32.259745
6.808253 13.374443 42.971828 9.230880 172.865161 20.229865 45.161259
6.462982 13.164175 42.903483 17.383947 9.569502 82.762698 166.325496
6.364854 12.998107 42.923244 4.832229 74.105462 26.152854 -107.878762
6.578407 13.154673 42.982045 14.484747 177.684617 29.589092 90.915628
6.377013 13.330335 42.799263 9.895513 147.144284 32.829907 94.676115
6.595349 13.247760 42.744810 8.124065 121.087329 25.482804 90.377932
6.768282 13.316982 42.675073 28.678369 317.590078 50.225198 -74.861626
6.904397 13.167795 42.875767 13.287454 126.604726 63.317692 -89.930961
6.705700 13.366065 42.719245 18.895388 193.843937 12.016976 129.858878
6.711187 12.855026 42.973664 9.454253 234.507438 61.073030 83.271684
5.886654 13.165024 42.821379 9.590437 141.481976 57.284492 -125.037006
6.539297 13.085706 42.783883 5.537024 33.825189 41.770341 -57.752102
6.457303 13.250137 42.834835 11.488769 129.023814 85.583638 20.295362
6.648927 13.041971 42.832308 14.374822 138.223929 46.006409 -111.041684
7.442084 14.080144 42.271783 17.271359 111.584856 22.432116 63.778105
6.938242 13.118928 43.145246 10.164709 155.902922 36.047855 124.204098
6.026539 13.078226 42.840579 12.979433 138.728406 56.858896 -67.882952
6.501092 13.040991 42.812080 10.804514 319.476320 39.757356 -70.945433
6.310888 12.949696 42.775158 7.111081 155.890977 40.417553 -67.431694
6.549012 13.410038 42.691896 14.763172 174.532282 22.266956 82.340834
6.488179 13.189423 42.811670 5.792523 156.268341 58.951996 -115.005643
6.439868 13.321091 42.886234 7.337560 150.872448 30.827942 106.071064
6.640952 13.405116 43.020605 15.870498 140.386741 36.531533 83.481253
6.330459 13.121141 42.886556 9.002764 172.700335 66.819920 -78.392096
6.228964 13.214652 42.880318 4.069292 175.513120 75.970564 -77.659202
6.695668 13.417894 42.526113 6.035143 219.555404 66.442900 36.178894
6.836017 13.353496 43.145280 14.233246 264.142079 34.222312 56.591375
6.423161 13.212232 42.788517 16.939988 139.610348 23.712645 -119.483038
6.558025 13.023519 42.855697 5.491216 349.654624 30.174269 -69.789514
6.506389 13.034452 42.904354 12.985708 153.953452 56.402665 -96.365384
6.193936 13.358683 42.835465 9.020214 72.782037 87.434941 -35.158089
6.489136 13.031535 42.854113 15.130342 163.774609 58.212802 -59.095906
